1384
1.385545103083804 0.179146981687452 0.901809021757912
1.439537560199025 0.138167435735200 1.151634598238718
1.476493465076970 -0.089352042642071 0.753422367130384
1.345294384103193 0.089029181455088 0.656657199751599
1.225664972875138 0.331019238359232 1.018464319926386
1.354488985376466 0.488866264767540 0.776388009893627
1.493513073268862 0.275783299351720 0.812902669215424
1.274905647776263 0.096620623972818 1.103661630744918
1.439788905674406 -0.000818857746733 1.026639032309809
1.115705293609977 0.090722924598308 0.938952286387997
1.187214520007268 0.187891352463817 0.767777546044399
1.392295675513817 0.303399212274026 1.113335466034514
1.274673842230161 -0.055347868149549 0.875211846094602
1.199804248759362 0.412634754296757 0.809786486662669
1.491745996861799 0.058346654443080 0.840323857212344
1.342212326309441 0.348795213309962 0.890159383407831
1.323786248820525 0.118435026923402 1.350100335125662
1.418273805153437 -0.046309281914976 1.258311940513763
1.493221190318509 0.227966746977481 1.322464239153887
1.415266092918311 -0.324149035535259 0.725160802118297
1.197662042729117 -0.094168086930792 0.621047132017546
1.429353094352568 -0.098630207304732 0.532168148005404
1.421107476240167 -0.184138271816229 0.982249337954064
1.322152316930762 -0.152990024577771 0.721344068483761
1.498244122179222 0.219516028712443 0.618202712207090
1.321139737228185 0.320521612974938 0.501647896017514
1.116074121294676 0.047267571273116 0.458808292019078
1.091064686118432 0.226813760378478 0.513446465971090
1.277169676859481 0.094795866159018 0.501010903263427
1.348188576016512 0.248064565130313 0.722801821386985
1.499935999594665 0.026165483572197 0.624499366387448
1.362323117762438 0.561519341336786 1.162920012170599
1.159934428092293 0.501173047569130 1.249803425452461
1.001902111283666 0.353906964023111 1.207212007282544
1.068779293336428 0.317802862911722 0.924373712092288
1.094393851077393 0.246268568761389 1.108688762176560
1.221675799338591 0.585694315637427 0.968027048025837
1.231670961336521 0.364345030284485 1.343916890844049
1.015993733584268 0.549176814358901 1.169881689879930
1.122085542441595 0.464988356941042 1.054818382979578
1.339750741854146 0.456404776347943 1.031227712098917
1.492113235440427 0.577506077594073 0.822241574383310
1.384646987028122 0.564218737091209 0.622358589608817
1.225665335755963 0.626360223701347 0.746863606568235
1.437905550406958 0.385505625237208 0.668962928082362
1.194765083955633 0.436608888263047 0.590198545231958
1.496184052471263 0.333675523456302 0.974444023360254
1.103655743748380 -0.161022590983612 1.070371906233205
1.084255031339367 0.030494694059967 1.147364794521925
1.266062677322700 -0.098357226365388 1.045355226863206
1.246448493769924 0.248421998691473 1.204108747221965
1.222123914324955 -0.059488634150192 1.249421916020081
1.059220501496064 0.027839253084335 0.685370077287299
0.934457747193307 0.008501864546355 0.870915765394734
0.924941389874883 0.217816832890178 1.002393577696531
0.944457416776818 0.221000368925564 0.745058955115802
1.085504410707936 -0.202545261714725 0.846902086088919
1.019233519396661 0.447076004446805 0.644168407908784
1.416353873416368 0.447580196006022 1.401868470792642
1.486769921734151 0.434631555878153 1.242745470104990
1.306159081779628 -0.343510578755783 0.877682787792147
0.997608179294827 0.628016078373370 0.773430048874935
0.968457626059928 0.588889065044913 0.941526623918745
1.037790251780086 0.463815101918219 0.815446592681598
1.395126935182891 0.225791780578987 1.498579482948295
1.239701826854613 0.156783337473625 1.492786063426014
1.324447479282974 -0.053979584211858 1.410481373908822
1.164959168272263 0.118264444534460 1.288061401535720
1.494357700666218 0.072437220983483 1.423982730967678
1.365852689536517 -0.180084009826504 1.156344788574097
1.479861718265306 -0.170970213557424 1.407729137855016
1.386613419117386 -0.387011274626752 0.456311932012096
1.414397961021270 -0.499110896309889 0.766239166069582
1.496578092693575 -0.419145052036662 0.609990860113394
1.498134127760660 -0.356017476010506 0.875338846023159
1.220571106641553 -0.493392229311268 0.574735908854300
1.218281459775709 -0.297428312266865 0.630496176773388
1.239809080747988 -0.185727409854767 0.381818497346088
0.961228774910525 -0.224858347875540 0.514375480083358
0.940668922174335 -0.279782453179015 0.680441228931017
1.029480376907831 -0.150752888682897 0.372735545327227
1.490727102372298 -0.252136927243016 0.492558577528267
1.453292265044222 -0.101753761616837 0.325721754510123
1.442142384894160 0.069640959323178 0.456167546079020
1.494068875485469 -0.371726225064742 1.160113743257664
1.185007800745997 -0.375797168601267 1.091093805969696
1.361555382692905 -0.326660479408684 1.053249116102389
1.499894958918164 0.380255205964894 0.443267296098327
1.280530978922798 0.504931979804920 0.349988629360192
1.358779649841044 0.129734932760336 0.243076520161905
1.406829920740915 0.250701838321190 0.353425802218157
1.139727308831479 0.342028486756170 0.339021163218966
1.110515809560421 0.119465689257188 0.269270024322466
0.937735963556092 0.068391697020896 0.459668592562559
1.258099991580446 -0.004156965480396 0.347040825303742
1.034657214626042 -0.074284023834696 0.545390605659090
0.877747528144017 0.260826380810656 0.439094890525756
1.090930094667348 0.295422639816942 0.675996754928520
1.004485445689144 0.390044811517400 0.474449260741331
1.237391141888443 0.186669072556930 0.363617373205696
1.340464652262717 0.792888281661913 1.207415236551191
1.461300947900843 0.598997361769486 1.012855219077144
1.343290446735761 0.610052817801606 1.338510026182087
1.495950804397746 0.703364607634359 1.177186564411902
1.118260198065384 0.744241199638660 1.145130306959443
1.084205128253156 0.546053056615657 1.446154715538089
1.201074167873023 0.743697029110104 1.298554824367161
0.831830312750351 0.233260738000476 1.345958786473054
1.026035849197961 0.114920519926363 1.423457958686458
0.857599982245608 0.511477374349566 1.276206515138679
0.963831680184459 0.321406175686950 1.460313811175923
0.849515895806787 0.453971880541304 1.069603281131577
0.878346825113477 0.138681154481771 1.188635908154871
1.087174002024459 0.266012737775528 1.334906857204731
0.828417806110270 0.341045556982364 1.209914571219170
0.808113970565108 0.425662452740076 0.900710865721894
1.257110200440568 0.811863328805423 0.914567113540927
1.359652623624924 0.669847329309120 0.893832492866128
1.289171023651078 0.712450310458239 1.059006784626869
1.112107334027178 0.710094778226210 0.873256435694373
1.262014246601448 0.451347068916653 1.495037513289575
1.155189974378056 0.315256215868408 1.487586466374441
0.797443920688571 0.753892355726355 1.078329195976222
0.929306439149489 0.695312490463841 1.175329363964335
1.050345631904463 0.660689028522567 1.317663834083308
1.381078846429572 0.854212749435464 0.667681312376055
1.496500079158217 0.717725707878638 0.693688961242289
1.197823520639509 0.690157088264568 0.559763076010633
1.440566392046654 0.663976761031169 0.473096202705868
1.092615391624063 0.870136382585449 0.674808834798917
1.074359469631871 0.574773204750378 0.412712577338954
0.872258409579078 -0.108419940533374 1.197254590618038
0.944218002777168 -0.217502215623869 0.959512956262131
1.006227965985130 -0.338293241698932 1.327580080937647
0.985677322859703 -0.240533493337135 1.180763225422182
1.216000658705878 -0.247125303219690 1.249823218992060
0.907929311398951 -0.037923495978632 1.044177502080207
0.983314951364694 -0.000525551278437 1.295232621038563
1.130514043977643 -0.160266068893016 1.479300135768044
1.077158703042255 -0.142613067910044 1.287213532624800
0.833893969358604 -0.049592597350618 0.674201826215799
0.980949667749474 -0.110063647225230 0.746660098259915
0.716612236736163 0.201087993968050 0.868022512524598
0.704983092061716 0.024833368463682 0.960496769199838
0.817450079168944 0.100735034765396 0.773542515482779
0.709796195545116 -0.155361450339994 0.872764273577556
0.715297642678277 0.328849690653213 1.019808924661621
0.809594712018330 0.345817313553323 0.697681250726914
0.847914097177397 0.204714709181686 0.606083544602177
1.011041573066242 -0.483697820770794 0.944389148873979
1.133333007282216 -0.409413945683027 0.737153772892880
1.089007013472592 -0.331150125249387 0.958025984729598
0.704546761024510 0.566414541853284 0.600911867206262
0.865672061781905 0.521330656285065 0.654696738821532
1.037498920778671 0.613530190868458 0.598482342205152
1.456286003208950 0.581051887057456 1.499288862385463
1.292434561056376 -0.475067490511140 0.989932699672677
0.897314329607833 0.788590640300037 0.616335194314251
0.705324190546108 0.744405136910679 0.739340078149593
0.899334860547908 0.884269707574382 0.799605547979624
0.829314585694492 0.693355233638204 0.867088371236887
1.036399971340662 0.875065978389409 1.065316823982023
0.964921520173577 0.757093455704859 0.965914713591300
1.148358007340206 0.013566788593085 1.486053548051547
1.293527733330559 -0.259812269488184 1.438854673481255
1.377361023500656 -0.283997940645448 1.290394977798602
1.496583299150184 -0.370204450803845 1.454915010965245
1.214138550816722 -0.352111149154001 0.454399664372494
1.239030236206869 -0.359896319966175 0.185744335739608
1.395458760425492 -0.480610284422010 0.294343276970361
1.394889056412836 -0.265104064991429 0.336911574503587
1.469212723617718 -0.460396714568828 1.013197099857666
1.051433928428076 -0.453969972054931 0.590833128876040
1.156315784604764 -0.166965028960879 0.132288328263380
1.091454314567074 -0.314411007197607 0.289468375382780
1.344266667255725 -0.134453439675240 0.169503951303323
1.037901826154253 -0.452289927313145 0.391582521662004
0.817424783938222 -0.203468041129911 0.359418321313550
0.899471669141894 -0.381895159558766 0.461966546011873
0.738660309909314 -0.288345322306336 0.593848031683612
0.795948650315814 -0.121900709083069 0.520936078809201
0.764731967273764 -0.333236754528352 0.822679228943557
0.880591243256821 -0.475818297682985 0.757219532510848
0.972197903471609 -0.345084364663732 0.834199427719889
1.036381684149959 -0.028935685009538 0.231248633322895
0.906381925049735 -0.255088859332836 0.123248998378392
0.784717186744671 0.026263713810052 0.300589603150469
1.491645679712022 -0.214707180960297 0.204599747253224
1.490430968673105 -0.031255925653179 0.170139974490837
1.346552998868005 -0.467896973907509 1.252998518660367
0.880163999760193 -0.416819129486322 1.124966169460126
1.047370106484772 -0.478011422894300 1.169992237685897
1.465151079254555 0.451420848084315 0.136180459468491
1.480352058001300 0.614279065506396 0.249882621021472
1.160446496839494 0.605311952610889 0.213348488167846
1.209905484847283 0.776811938388265 0.365881586570737
1.361791304745735 0.326888593058588 0.198631488441935
1.380147576383469 0.807927018472247 0.306035931732203
1.225182405892292 0.433043646669317 0.192618354176163
1.311053850405811 0.655270927301525 0.276731853686918
1.155416056235757 0.271907559004432 0.057120570419091
1.445000282977460 0.210031570120476 0.062047992338104
1.148807796227187 0.082846398661399 -0.018984559513680
1.286288723409348 0.115044293332660 0.090010355715674
1.040123717942624 0.360497067679713 0.187036892358348
0.871664640722740 0.176291670470156 0.289549590363260
1.018573420450840 0.183691333593097 0.127267792280423
0.634006144424893 0.099809334600676 0.482882884048253
0.724993151195039 0.427220549062655 0.291060720781063
0.661191045880885 0.389011016620752 0.506228169575584
0.781155848343372 0.506066438577436 0.440929991270048
0.694959503852863 0.260622072950257 0.364182733270348
0.896456047212382 0.392196898269313 0.329447665880102
1.284071250687531 1.004679343925576 1.185020722348164
1.448806325286309 0.899184663379574 1.092586616219238
1.488979368811325 0.925941311319604 1.284776548977146
1.338672978160307 0.860545916169816 1.430094766878428
1.459238043014415 0.751544598728468 1.353996404686028
1.484100679225173 0.775815584285309 0.976980355902270
1.240257831755036 0.635239229203874 1.491474425463653
1.099500046179393 0.906990708373631 1.248208089134496
1.206131754514431 0.880490014438998 1.093994702604696
1.057539517079297 0.748575562576016 1.487336658275608
0.762467725094818 0.605749666245570 1.468488827799402
0.909772723842159 0.490168087395828 1.484517061317217
1.146021067100662 0.932528433100710 1.472396289063243
0.597307181684737 0.262353078040192 1.216195473591431
0.739028185583659 0.418006083748982 1.388374664063150
0.671496473629687 0.090328007770904 1.444655402245597
0.864540033148210 0.163169070499848 1.497343172518892
0.662415018484198 0.000294382231394 1.241228465908743
0.651070764339535 0.265232111811896 1.437872909423671
0.813461001447114 -0.003628986803306 1.343667980462783
0.947605095295182 -0.122290883693054 1.485745144990449
0.653149928116975 0.548879662359846 1.228281927788434
0.887096383495295 0.705489286855073 1.370288927914293
0.588110178165174 0.649448909287671 1.057959649721744
0.720820541918097 0.551047631435107 1.015623613886687
0.717913668140455 0.179871316730096 1.122503549364084
0.582388738714568 0.519276154565342 0.773927699836772
0.622177808556310 0.343319931340821 0.831405242516345
1.260510366787172 1.010389536372183 0.826254913205581
1.322316838210222 0.963249870832720 0.990289499037984
1.060500830464463 0.924918325602341 0.849780182148616
1.463105519876360 0.869301397265060 0.821067715621136
0.682831886253324 0.816058505997956 1.295625051877887
0.580927945657327 0.837663869330523 0.883193372637587
0.688006283119149 0.870863979060649 1.013750003698782
0.883178654971114 0.931951249606952 0.994179409495616
0.867292916961673 0.995044985451589 1.216857314556778
0.937617765243099 0.842892488412087 1.259299990162794
1.473669858744781 0.963866303303182 0.550460008002804
1.351202675258571 1.076097867530568 0.681441093456343
1.315142402773825 0.867946935280314 0.489196991755972
1.124085488913460 1.028326078740414 0.620732491083699
1.235559151517984 0.805492891329823 0.740827698609447
1.054808874730056 0.776413688499552 0.528035958724377
1.490238707623594 0.831061446708219 0.437551737309110
0.899019071118864 0.992571495032912 0.557989069253033
0.861248198059027 0.551551396685650 0.261899602932609
1.047310128058648 0.751394359632347 0.290812469471930
0.891608058093537 0.633939493494384 0.466179187606291
0.659988377710327 -0.360888948480862 1.275986307569445
0.719022745334898 -0.250219596022304 1.157286373947808
0.760615022884830 -0.238369578217811 1.439878287611677
0.731350729924954 -0.080209476011627 1.106429508697030
0.843326453432931 -0.248127301389827 1.289692652238142
0.649327532182189 -0.303235268172172 1.003367274982038
0.823515287016613 -0.334356058515097 0.985513606438210
0.882808338603983 -0.436763035153658 1.406980053913388
1.172505103254130 -0.407803827001917 1.342503677635071
1.074215294361330 -0.358495527673939 1.484860577426218
0.624689960652560 0.032380951152644 0.663451952032104
0.648651284523180 -0.175404099547745 0.687592482341989
0.582831465155050 0.100586626369421 0.834205222797274
0.587651876399018 0.192922725564923 0.995500149470790
0.650745815079865 0.223231744594022 0.698724330312472
0.388881161300918 -0.055924857998894 1.011682753887872
0.572837743052874 -0.043460927289590 1.042798020119226
0.501298318548044 -0.187216058424416 0.915233855164164
0.444639157866422 0.013067831499213 0.761139953529880
0.446534517286661 0.388070403284787 0.966385446369054
0.592719187383069 0.441769237350825 1.109674956375025
0.842912489665655 -0.498813188923990 0.924285990901366
0.458322686795219 0.569017312157681 0.539039807453740
0.488401489592509 0.743460878038885 0.649670381095268
0.599109361172117 0.654410799403205 0.434877955321633
0.741338984755245 0.725998314118166 0.526331379085602
0.747370771652393 0.564234682657000 0.779916999420833
0.886383124201322 0.813119492983680 0.439091757765815
0.739198441498451 0.900849003941594 0.582752859000727
0.702665072049726 0.961153847194911 0.761396865744828
0.636461359014989 0.659679120114395 0.880591256465457
1.026516308876224 1.153049359512786 0.685688973788189
0.913627803699112 1.120772613687222 0.877957862110216
0.838772965067086 1.190489297687280 0.668856566232871
1.025142898663374 1.082835603942522 1.081263759866873
1.246471156944549 -0.412336471547356 1.497352933327515
1.384954290892196 -0.493610719238985 1.420132006117303
1.208650733517162 -0.495923342893756 0.363912445423928
1.270000222794433 -0.485983228649245 0.013357185090934
1.158002954698661 -0.323993420362193 -0.003630643529813
1.411740067975440 -0.350014511195646 0.128945182498181
1.136588313031782 -0.482803888882643 0.128304089576895
0.875698382216636 -0.498735067889624 0.587589422516826
1.286807094864773 -0.064973331277875 -0.133762549003163
1.136695719242555 -0.144083244533388 -0.046517389683566
1.216117383586889 -0.014051065628355 0.176346115056643
0.941031150548682 -0.092645968976396 0.052508334924514
1.401950702851582 -0.228108248696548 -0.079410931642663
0.907890947794384 -0.453684478626882 0.123834730189291
0.813982875505932 -0.363411948324351 0.281618189364800
1.400783968751922 -0.029842245003808 -0.006564023397603
0.520930904747297 -0.208561652845372 0.401450027742926
0.621724916113677 -0.113422412780314 0.286496283552129
0.702860388025767 -0.204032783450373 0.055968471365935
0.664036420877956 -0.286872322590902 0.336621106413836
0.839206449699345 -0.116694313966000 0.201165746674598
0.669948670865558 -0.455264715789683 0.503217363039010
0.799239531936276 -0.497919787640749 0.388537639240549
0.721379860341191 -0.449996071630323 0.676520760464971
0.570712078636666 -0.277310318918774 0.551255956335159
0.606627458017480 -0.082321554849639 0.506288448272968
0.510098406174639 -0.418073014827667 0.871064289622780
0.506556973872988 -0.313485502610516 0.731488918927765
0.671805321361333 -0.465190772730461 0.896160500808607
0.887712730084866 0.065640479701594 0.155303387778977
0.882923286880810 -0.290618822443221 -0.086326718188371
0.659513573812949 -0.434762228028482 0.111121545030055
0.662970272130380 -0.021383964744992 0.125863857231527
0.561801515330916 0.110990979726444 0.251549272678203
0.716521331540815 0.154289027437579 0.167511882811175
0.720934884039690 -0.493230267363724 1.153503081387873
1.492141541822048 0.333046436887197 -0.076714155398750
1.433710490160590 0.520782242757893 -0.114053584987098
1.411906604853114 0.761280870246334 0.017445237519695
1.263107584263525 0.564765157852015 0.043322482921195
1.491304381289628 0.605839322857670 0.044286327551851
1.291985680153863 0.377145090952748 -0.034145008835302
1.008928639316025 0.536432349243588 0.178737231451842
1.163832006945384 0.830643697892355 0.092922160098236
1.017392302911980 0.716859894662131 0.034332974211322
1.178269591677059 0.995775594873419 0.319587498513893
1.322266846108429 1.017605207257359 0.185985334552429
1.484350395887466 0.858698413447623 0.145997135753792
1.421199952831863 1.112344662755755 0.349409063965344
1.455230972938004 0.958593975833088 0.282330415043872
1.122347755314722 0.469488836395047 0.060131017364752
1.035805295940288 0.358650352797064 -0.057138362249552
1.272566162166733 0.201774557153677 -0.137471405606424
1.490162027537558 0.116943219182513 -0.074798236250821
1.090064594761841 0.188867603892521 -0.176437746105001
0.916425914807839 0.036267821810780 -0.055973869672657
1.093832345329320 -0.026140884452971 -0.168559230666777
0.861997740744600 0.387275837023117 0.069638395671521
0.784025059913325 0.196782590331622 -0.040344058268266
0.974924923502777 0.194852889668272 -0.036653616877001
0.524204535690459 0.198912722693563 0.581292170688265
0.399525453315733 0.048823991231796 0.483756228603179
0.427015604541251 0.264259740937828 0.340771254363356
0.639432810314081 0.392495854190089 0.115223082264928
0.553894812353100 0.640128784172134 0.196389582506524
0.504680881335125 0.495470861237876 0.311645141866795
0.671966446027232 0.654809425869553 0.052884365666988
0.727181730279041 0.532305331966899 0.157447852674877
0.519342315730565 0.370346895202347 0.632229384871591
0.414875247788319 0.427838505838196 0.440390996024478
0.747585656061801 0.719111468515856 0.329459039351458
0.482322337659781 0.326374835744988 0.136022760051253
1.222448571444569 1.184111856791677 0.949012057415072
1.435776053446807 1.102902029840085 1.234487076271395
1.246217336594401 1.190136293989861 1.389033648600257
1.332235961606935 1.013110910387262 1.347836782087529
1.050189148918568 1.153613521874730 1.288137470893402
1.261081631252183 1.285465239901116 1.240086714048852
1.379397469485560 1.144844781432823 1.048554344074966
1.148547009792464 1.297408511765778 1.088896331053204
1.184349072611923 1.131459551162823 1.116305864629907
1.492596769642762 1.007261658269285 1.471794608568609
1.497500950783659 0.837818485702738 1.495392183673215
0.924326063336382 1.077273865621649 1.430716402304285
1.145862241111651 0.994732020989782 0.983467105628001
0.921133478915931 0.897147499294662 1.438206564132590
0.587439720251586 0.675085137551495 1.362277886615442
0.522590039453734 0.511753624561439 1.492652019811403
0.766157829162932 0.817198700636280 1.488446503517212
1.072658871759200 1.172418301313349 1.471107496296730
0.413197974709197 0.254743769402514 1.152713661280356
0.358356231889453 0.214760808516444 1.431338681232323
0.491349990556803 0.046420547795665 1.227655937763790
0.525379234535327 0.421207432123968 1.289291227070419
0.499705035818656 0.070477558136720 1.460978095071721
0.505235195376139 0.194275970560140 1.341846803764808
0.640643034431216 -0.108161355766633 1.462631060785340
0.609451886471060 -0.160886159985664 1.251986693363762
0.466513649227897 0.331481408108095 1.491600790071319
0.408378424413027 0.659863916986906 1.209746152113266
0.772148380609103 0.669760821789563 1.239556394490065
0.423639627360296 0.708730276350863 0.930503844762598
0.544101532693397 0.803662314048644 1.170192180185986
0.456716080896049 0.537237333939682 1.060336971943634
0.292780514104808 0.580379559509706 0.899909149103047
0.384129135500470 0.573366890779852 0.727314124755680
0.447388374989098 0.380957146647135 0.793149502251159
0.461350136073806 0.546931462665759 0.890051946248290
1.491536026236225 1.148654862198159 0.902217039816827
1.205534207636569 1.149637190082222 0.736761413188482
1.490197502676911 1.028869740330686 0.769068019860243
0.447917054144991 0.971909478435469 1.427348585702424
0.591800362409038 0.971399027635741 1.321918006766955
0.774250477899416 0.949165334369340 1.352326708542283
0.583981269015837 0.829398297159087 1.464840577948588
0.663712448275657 0.931162740002085 1.170971322511119
0.502031083007652 1.085013977691646 1.067810942033584
0.283110756829402 0.932366543778754 0.882299201158967
0.471121370983479 0.986430780493715 0.895714721339394
0.420777331874996 0.848592510739852 0.796228544772181
0.721588578625649 1.079678348275032 0.943146711628250
0.731456628071671 1.198732602361565 1.101788350686875
0.903061787276621 1.170283304895701 1.190536408544180
0.705791034182142 1.179784978033347 1.311672516338546
1.256900820803752 1.114416644049076 0.473181625742635
1.466963459333812 1.162988358642143 0.564207082657508
1.371963389941814 1.338176767593246 0.835097390742463
1.296403674346344 1.311916483145702 0.580532872631476
1.453569356243463 1.217813338208252 0.735902418184202
1.133534785477678 0.928185761173430 0.482156069641289
1.025808452900084 1.184369420707016 0.472657489576341
0.788064231695608 1.132635382836734 0.491252832508600
0.836627641709660 0.982633176041117 0.339842230642291
0.881900635415441 0.699898735584568 0.139770874631555
0.998962026133949 1.035856290922003 0.247333058670398
0.919863788927639 0.857926332655008 0.254641080695677
0.511629228350724 -0.424431331629630 1.062689718428339
0.569287885762207 -0.385474972301083 1.438979112593347
0.697334729499422 -0.492591284828523 1.376781866046060
0.493656454245253 -0.296915772590471 1.274180673491825
0.564423816316405 -0.495889238381329 1.236713717479444
0.437558163429381 -0.193467274442530 1.143116854046596
0.392827484022626 -0.143755411301558 0.667444796649666
0.417764359993589 0.170253941037613 0.895246830927848
0.253480931144085 -0.067467146145453 1.156841698597542
0.368687210287610 0.104406885533303 1.064464723900347
0.275531844891186 -0.289669613053575 0.953934351061273
0.234820069687471 0.023153844863423 0.834917237272104
0.119972680996167 -0.087285536360058 0.966590971559308
0.332443361907656 -0.136380233468178 0.852153444793290
0.376225098316018 0.124168430394569 0.644787840614020
0.261281632702696 0.351674840218488 1.063828159682341
0.224981563551884 0.310070721170378 0.847911817060420
0.419766505180574 0.747292575791370 0.472320865580501
0.206907900402889 0.636274653762728 0.428509949185309
0.257176037777878 0.448563221016945 0.595889639121188
0.201815406616322 0.683984376582392 0.594740102435423
0.370527835404385 0.605370201050210 0.369555697192291
0.479299953917887 0.904580652845525 0.559403977488886
0.299490577121155 0.830485999620516 0.602892146295053
0.607561577463512 0.955183074184638 0.334834934907009
0.539578732251969 0.793997901320930 0.358251946691519
0.614330114006812 1.009717065051812 0.535825901942016
0.608229778996897 1.139984774378396 0.789784523288403
0.539249540203816 0.942969202863589 0.718214894251373
0.971389736784122 1.311371650623967 0.848900598024062
1.127033545310388 1.334167467549869 0.692735226406115
0.955129451861090 1.325244943422954 0.616600529896928
0.740771413422708 1.262466095612879 0.889496913968666
0.970097322328316 1.249348543303233 1.029392866059611
1.096394124947609 1.105992781509558 0.861972365011599
0.698479735013942 1.276965347479656 0.563562546061820
0.825273458603667 1.386690791931762 0.754366649575899
0.883848158094964 1.037287497886001 0.727144090722667
1.332130732951450 -0.380075692238123 -0.110296897054991
1.069140160080175 -0.476613315754178 -0.166027371572739
1.477600730547264 -0.488222177049234 -0.027556850077219
1.162968078159451 -0.261788056690936 -0.183330216188822
1.000752036953262 -0.398312719522758 -0.010281055062367
1.498535567826389 -0.496998621080951 0.142406173302488
1.367459922925649 0.074044055845471 -0.300316920340028
1.473285332106037 -0.092278171243279 -0.190994622043796
1.247170112145632 -0.226848705794137 -0.422781398990113
1.221060620108369 -0.071466102083106 -0.339295762751815
0.853691229135040 -0.175426587026061 -0.211484951020887
0.729787111031674 -0.094542371486038 -0.095297765679679
1.434736237367526 -0.286039750929501 -0.301157994714598
0.741450970317931 -0.454877675283116 -0.121159795846662
0.392758318029692 -0.134866153978772 0.295447119158617
0.264726362176151 -0.237555971322060 0.560279306354975
0.362858632020573 -0.332461978109512 0.454154790164157
0.424260369493555 -0.354560022060375 0.244481797375144
0.384106182556258 -0.135371842491251 0.487140710581326
0.525416606318609 -0.378227614211622 0.415410665478385
0.506404420133295 -0.015118626372258 0.363551775145384
0.503439711981646 -0.071858956050742 0.165432059701741
0.549971410410982 -0.235113955831675 0.191930947571379
0.439356362687922 -0.230708450006433 -0.098770394932380
0.546626415636182 -0.375473997017849 -0.060019496683962
0.547415347373752 -0.136267216006776 -0.003882189019017
0.676217073342750 -0.315704856385301 -0.243603870871892
0.641664574127150 -0.487942423803048 0.285932517857026
0.440555415160167 -0.460888627018440 0.639890585924722
0.267873489001164 -0.486830381776127 0.841602955441210
0.392045304217022 -0.496060169216319 0.965305834965294
0.342067381345464 -0.354457693783751 0.744312861402414
0.996708897192445 -0.362203784127738 -0.298785840244942
0.484805403788355 -0.492394256342740 0.056295907623706
0.598050973510481 0.091490368261378 -0.078266818346275
0.485506851197159 0.111859729782732 0.071601618371605
0.378284787328726 0.107327967847776 0.227364639094244
0.563772804618834 0.269106500979776 -0.024621686631409
1.393211380128476 0.389380273471183 -0.249010929357881
1.499043499452748 0.232233639705605 -0.225789117705267
1.444891548752777 0.679097396293875 -0.217882104663192
1.182363324129823 0.529183204290437 -0.134493265342026
1.262308406960691 0.692740411561446 -0.110888318515223
1.443595075115030 0.909151673224557 -0.102903816292689
1.338543196291726 0.912911086758530 0.040381839812095
1.192395958266437 0.351026221710829 -0.294312099693546
0.957561118876135 0.553605403875992 0.008521684634349
1.131330009181960 0.988329397312001 0.147500913656039
1.122751325383201 0.912479864709884 -0.219615452427814
1.100510528191743 0.951515068529441 -0.032314435202540
1.019329279572605 0.775317254133984 -0.198638480621982
0.916645337593994 0.839321251566186 -0.043206672639897
1.285728802949335 1.237307910151761 0.291531763575702
1.115986974827161 1.221119518281839 0.223315941890733
1.491678155461917 1.181420280994292 0.154061086434270
1.291342311080297 1.259362809237600 -0.003634496311863
1.392723317068423 1.113354348392216 0.017448246824421
1.217725072241075 1.146749122487919 0.106206817469788
1.454784293065362 1.344437805949951 0.423148323583990
0.988659009340760 0.347182054851813 -0.278987276099953
0.809347841320397 0.528041681774533 -0.206565420715240
0.779094966407761 0.343906719370725 -0.154315535991483
1.004656593449913 0.579118062089998 -0.250438305297326
1.181870730814320 0.129819059333265 -0.394551632386175
0.971867153072482 0.120077959292362 -0.372205672760436
0.777207108695987 0.142414473596946 -0.228932751538247
0.926250168648237 -0.028276059509474 -0.257327889492167
1.053463939307471 -0.147107273659299 -0.282495542121492
0.780758314854178 0.488629702986027 -0.040031789590323
0.361090000648905 0.295071385761976 0.557756354026406
0.075871056607804 -0.015729793941403 0.439277106806544
0.226186612107858 0.037311473247287 0.514205242954266
0.290083091546955 0.187245501624303 0.443679988572191
0.261629328218333 -0.022587330783480 0.303174142648449
0.202302277185743 0.344454927423939 0.230432870103837
0.334998585762547 0.462983969892770 0.201438733791629
0.409994001406093 0.610993074258121 0.041982867300356
0.528468759412602 0.488685988043248 0.019943494690328
0.631368917721991 0.891606713895075 0.105926789815487
0.438207671982723 0.924843117867748 0.192009794841992
0.495548486498751 0.831517361662687 -0.036362749125253
0.425981345378677 0.751811160696130 0.204463722741601
0.669230954939788 0.651148071120244 -0.237160889521009
0.740477524067814 0.804441090121025 0.002861247314024
0.485458157656382 0.658910252683988 -0.136362511911398
0.770245462588809 0.658350211976459 -0.085783214312740
0.172797561919994 0.364692300632266 0.419597464357840
0.767187672037192 0.817029247201817 0.191880445133799
0.362624476089462 0.346642497552153 -0.081380374701424
0.207531497637105 0.192048053187546 0.131492576947103
0.361819177025721 0.235887401236651 0.053267714633010
1.166311275667741 1.350174287347552 0.861228216836878
1.330208177463762 1.400240872472302 1.014356751252941
1.485947907302093 1.395017746345377 1.164826653142716
1.442026533084734 1.307407725949682 1.329748414051083
1.255171402063986 1.399482363721365 1.396486216894537
1.371693649555641 1.137939179546939 1.499987445210373
1.114568216022877 1.305667201651553 1.343847944905327
0.926622360396778 1.275406154332635 1.360567140756193
1.235277298387946 1.458585488949506 1.218628297318819
1.467442638018358 1.289658000266529 1.029846116468489
1.098760506483866 1.441715773674535 1.001769836633814
1.000707029595650 1.434350933579192 1.214070669302709
0.760656494308767 1.109572977123150 1.480433465747916
0.339994132306526 0.824224258088403 1.404926630137468
0.455467999218129 0.712793293979579 1.462585213298306
0.318781699934364 0.477486516523640 1.339316778581305
0.290964508272476 0.558132180123563 1.499649175671695
0.154113544417252 0.210885411109666 1.224082276550283
0.241773021874890 0.072074924100294 1.349511716619521
0.167609274390930 0.397675367723384 1.310452014772630
0.308708878457923 0.285747722776122 1.283177386659479
0.374280692430652 0.417252312852296 1.183961356329467
0.146762607250192 0.260737233661660 1.490222346059252
0.276371964649992 0.386996443076100 1.499000547441688
0.458410813424522 -0.181342640883136 1.448254685630138
0.412514781625550 -0.051066948194051 1.342465336152688
0.334838694139233 0.042836218683863 1.496319295235739
0.304554978466304 0.912038503711610 1.230665848045832
0.264849459576922 0.773165770052426 0.962759417424027
0.155999470273907 0.617066634548326 1.288663739787780
0.202779348568240 0.517591322810591 1.050190426926808
0.148957648655651 0.746334792174615 1.126869553020966
0.383699387311905 0.804657464748649 1.094007947494870
0.133468330080880 0.830378285583769 1.288749584713448
0.323412259999940 0.645679768283205 1.063187082689092
0.315870420115477 0.647950111783549 1.351874018439546
0.466872784175938 0.955015242934863 1.175484752338577
0.131221233078254 0.655391282632320 0.758741946755647
0.062734771070256 0.656000369316260 0.941969554188990
0.031272044664878 0.422256075970263 0.876725600392297
0.107380997212970 0.369666197308411 0.712675071099743
0.214011029924005 0.499416403450918 0.771507400114282
0.286911299180327 0.740548707651889 0.785201114036069
1.497871178510537 0.986359015652861 0.952415884821533
0.376902027614826 1.057969115351293 1.292810633687504
0.554628675058449 1.147171359169648 1.403047504542409
0.349957348087542 1.146719749802952 1.477159591981245
0.121041677954859 1.009741614509570 1.498345030054402
0.290861738227072 0.968746724792116 1.492338005851508
0.560442610753477 1.235582870213454 1.139106451193397
0.646969719052344 0.983334304066193 1.499999658418561
0.336992140537974 1.080253853482163 0.989071907740256
0.302100081021277 1.254808772559390 1.228736022527335
0.544779772636954 1.267067656259375 0.893047533611548
0.306175950397227 1.349447687032648 1.087285661707495
0.426442802568605 1.232784098845943 1.031063110066073
0.231001186953369 1.028893207245959 0.751446289273813
0.105077502338129 1.049704730838215 0.946483609996566
0.258620479665375 0.932411612509881 1.050525906212709
0.030035344800315 0.816975727504339 0.757021204236374
0.093219066452775 0.847918844831591 0.916573431406818
0.319260890404233 1.242292000035013 0.773693201825295
0.406574287249420 1.095931084725116 0.782828241393126
0.836912430004378 1.495408194825607 1.034996757187232
0.663405584942329 1.446083764796421 0.982675770279591
0.734133953795711 1.460001046644815 1.187787948501081
0.853809946803571 1.344896824980537 1.116819581505265
0.552801648382693 1.340210600959829 1.317645372252069
0.738457463402665 1.370121006047649 1.332483322661020
0.673310494105690 1.282381927412392 1.481706879446636
1.130250882447738 1.345559762077414 0.433511280817203
1.499596681442204 1.397348219149143 0.620405692100404
1.421765085921649 1.497165823492706 0.877008659281844
1.238921913933188 1.485650515833434 0.669778963997327
1.289399259325903 1.451720127189290 0.462670191867910
1.161225419363150 1.208840509168709 0.579055385442672
0.990118549079480 0.988018884069518 0.413222909682691
0.924174574970603 1.165021224652058 0.332443484903910
0.917760984796122 1.408360256959045 0.391156130372083
0.781457930265210 1.304341753658904 0.388279600089859
0.697442797278868 1.104535869071003 0.330969940201319
0.804612037881051 1.021483029828583 0.143724967481346
0.957464339133833 1.179353237798226 0.051221691608543
0.971877267198138 0.940076656477618 0.107583835262508
0.360103357134286 -0.397862516249399 1.187461389153976
0.399884441005959 -0.493057707503612 1.429078711742683
0.244814121518432 -0.356234177219205 1.476545249792903
0.310387157142445 -0.216967919330367 1.325071871863652
0.174325205419662 -0.257226389382292 1.109139535637927
0.159128433161240 -0.059456142514244 0.663799809078343
0.124764894188202 0.144658331417722 0.975069359569996
0.013483316945221 0.017205983023717 1.192561198560812
0.079193206726306 -0.129496608613671 1.258790291493866
0.086378511800217 -0.415479963676337 1.003572373013493
0.169095786161314 -0.313539020256614 0.800051338626000
0.241542351036090 -0.474859148113595 1.082102217262646
0.099784815467416 0.192074156325216 0.789637145117085
0.067318109678391 0.007067527791292 0.810322859617009
-0.175098416794877 -0.015452830501597 0.964457132779474
-0.042682972294753 -0.183906006437688 1.003375340557369
0.034402464503036 -0.183002842724520 0.836575505177348
-0.003937015191455 0.026342931771341 0.991789352872458
0.240449776103050 0.216716085910843 0.694157451874244
-0.065528125879886 0.334015684085555 1.006134339976772
0.116617302225737 0.316310423078789 0.981842859243649
0.080294973795197 0.381274234037176 1.165361334191447
0.251089047677129 0.831185934495335 0.398857895619247
0.108651463214962 0.620526040921131 0.239539453039725
-0.018632073784549 0.476350402352539 0.547611452043475
-0.081331717932289 0.773647879046478 0.333864613396006
0.075891484372028 0.781032109181354 0.414763234189149
-0.103029686164800 0.562782443767528 0.414627297654538
0.089939797487940 0.513398199586598 0.417562807568465
0.265646676378965 0.712340608778497 0.266552827325360
0.116841288205526 0.537890300573808 0.630915785359495
0.050887374663087 0.940661777052642 0.592347201756918
-0.039214299526768 0.703972833888608 0.591831849136636
0.229102030736094 1.032481973117680 0.496011506273024
0.413115890238282 1.027996053743118 0.353732258784760
0.410817420844135 1.135779325247011 0.522353582486509
0.366861195375441 1.002214382032630 0.641411175358662
0.515009098562206 1.121471253490165 0.214283711556096
0.559959730625819 1.193355672942514 0.620071134866349
0.660090543536028 1.294100182907743 0.729887001859705
0.923986917352378 1.493386132250398 0.883044639239580
1.019094590800627 1.496369108110467 0.697386580713666
0.867548878591145 1.488106831032514 0.607839728302658
0.574003086232680 1.457576804845090 0.541395423801990
0.510059653662809 1.327230274471039 0.364189291363087
0.608514354587227 1.205065325901466 0.438516085809111
0.673497803472364 1.498176096277091 0.803532036216470
1.155223523354788 -0.455901237063151 -0.318609925906387
1.428161899505511 -0.471016602473438 -0.221531148728473
0.897833470450446 -0.492275617820470 -0.208361569264248
1.460577711062921 0.113230986105854 -0.437883588142212
1.335083845557770 0.313440215765956 -0.403122236970783
1.443428339412131 -0.138405949947064 -0.430228118850450
1.322933055630887 -0.024499413636491 -0.496299075158431
1.176519270116673 -0.368237331093748 -0.485373053038279
1.049807775487167 -0.211518562183110 -0.462777723049658
1.318310011667141 -0.394060149874388 -0.374428483495376
1.150872757424864 -0.060375775818764 -0.493732379508568
0.735433077508927 -0.124993686470144 -0.433117159094429
0.814148980839272 -0.310327024484150 -0.356406644155355
0.745372970763889 -0.034281407090870 -0.284944077574776
0.569484896064813 -0.172149089640354 -0.278946435505971
1.463575289191623 -0.349758164551509 -0.485779240278268
0.732903814880064 -0.477046864981814 -0.304896205967586
0.593630155575615 -0.497927939488922 -0.194353388453544
0.116237932233868 -0.257302675682163 0.190768127662201
0.315110092755765 -0.219069272202883 0.065735712923083
0.258766611885082 -0.244464643688788 0.339578473581761
0.083573920677837 -0.449422318373835 0.413664976847176
0.105176787252405 -0.423625718435882 0.661879023502415
0.099388084602936 -0.252074225952430 0.612632921300206
0.244658832067071 -0.416991119078071 0.557674643888261
0.142852950620225 -0.177077111855274 0.458351983652391
0.257998693891890 -0.444301212610454 0.380694739783749
0.406825472391432 -0.495440529010849 0.474277138285183
0.229498651348173 -0.452638346251955 0.117515866159882
0.332564676521734 -0.040647842419888 0.026907898888487
0.328656168787826 -0.365063352863962 -0.104512310952936
0.277441962369357 -0.187484659964709 -0.177614491621210
0.494926894143788 -0.018887332342637 -0.175371699563148
0.434100146189250 -0.309548521418882 -0.253208066333770
0.438173137684452 -0.496268203553977 -0.110483802572699
0.456191832757787 -0.323230035252827 0.074115340993301
0.528486111424422 -0.430648227637473 -0.482348143118577
0.652638303395495 -0.275371232971187 -0.412491151528585
0.011892570742990 -0.472769594407696 0.836284692479745
0.976483759885882 -0.452909485650478 -0.492909041853190
0.505758471977964 0.170806217899720 -0.236535641268616
0.353371062119394 0.115537985967084 -0.150835147074968
0.593393995838474 0.420769816114697 -0.144756456320222
1.309694063062906 0.560936958896142 -0.449907642400831
1.496936114262997 0.530280063776669 -0.282588925966171
1.223750995350859 0.582247500807693 -0.290921942132585
1.497669450267464 0.371469396035514 -0.381930875386770
1.484083830926940 0.839898417532697 -0.454903651719842
1.299510036018291 0.750846228085414 -0.425709198570028
1.320591462317245 0.837205406318249 -0.204027353800427
1.497907084104762 0.672600913553089 -0.490160555837857
1.495457109700920 0.834566981583527 -0.264490388217333
1.251289874895168 1.163620901180752 -0.193592030419968
1.411195103953094 1.057031108054430 -0.180246654507376
1.251455510217812 1.031959938314816 -0.058192209474484
1.163984345793516 0.395760138258866 -0.481529115664655
0.938258333681354 1.000572360825965 -0.403690624692292
1.065226883556344 0.837222634545309 -0.378050745302668
1.209029410279664 1.046038489456564 -0.490743532582897
1.237896377022807 0.949974149689022 -0.344596471277504
1.038208583138752 1.114800784625784 -0.296135006155994
0.931708828770941 0.984764300915724 -0.204157192622026
1.099628269653799 1.093276273664981 -0.126138644969485
0.862239991805154 0.720545492058685 -0.406662156529426
0.793783773614649 0.770658172927455 -0.253993282905447
0.833876038596601 0.998367145094211 -0.054576003223799
1.379303397093580 1.380538268275157 0.151906372207238
1.189135070589098 1.473576182107928 0.209237819197174
0.985693082116291 1.411996462966393 0.122838784146403
1.196163761364510 1.400949905477918 -0.027505467275118
1.464758129868057 1.328349811056094 -0.097006530832513
1.118379022680044 1.234289444382128 -0.005001414349390
1.432896881964759 1.499175956016647 0.326179991873789
0.736485083406514 0.156717527022678 -0.397515384675637
0.921765026889242 0.285822356819362 -0.453409356631629
0.766013291130233 0.451280499402333 -0.376000683218558
0.905301347798206 0.557527726306421 -0.485032616579072
1.100802263622389 0.558886742808494 -0.441398116795298
0.619544488141291 0.296913918418726 -0.299380170535139
0.794662643187974 0.294340660692250 -0.316182312282200
1.065774827440527 0.197608221329160 -0.498601479746549
0.863622424540822 -0.004770332626736 -0.453520589441645
-0.085807114044728 0.065894540820578 0.288105755801009
-0.075141200331235 0.103812439051339 0.576144006304136
-0.231202536191398 -0.130398383374120 0.405966303894299
-0.091961751592575 -0.214512547858539 0.227613190586284
0.062770241765541 -0.106542132551832 0.288271751032121
-0.032471882273508 0.283222650266002 0.405424611754691
-0.088066456865195 -0.179923935899924 0.531005157859466
0.148656870028293 0.123928238360884 0.322637616692604
0.097229447318823 0.201256812516212 0.516664273133461
0.206475875423403 -0.112992246068517 0.170189000857711
-0.037034970342314 0.447794133669375 0.298075899852324
0.039112082216467 0.378648265039659 0.147773737382693
0.183958304203142 0.492216897171056 0.026483290943357
0.204384097065186 0.507829827781320 -0.187299712282021
0.323910293271570 0.600678358827170 -0.109701082081656
0.291076643619953 0.754460669224167 -0.003298678978161
0.261356724960368 0.615596999257238 0.124358615706057
0.699512475964564 1.068915859255437 -0.172799247517473
0.651791566212646 1.171362457717672 -0.010412415051990
0.629269641691917 0.968123332816467 -0.053678447784735
0.438657929884928 1.119244136418041 0.055217938745457
0.280812515105054 0.998840533728384 -0.062083221883493
0.183187268979312 0.900972657166225 0.051360053746517
0.227619399260123 0.950628234472709 0.251277922557112
0.293219741556042 1.128520866681911 0.188166020381727
0.460411217405950 0.975667858278856 -0.234444729322000
0.563211446663807 0.817459676700351 -0.283817266367710
0.344963031528230 0.796911137991782 -0.278517355754245
0.421742098793667 0.606306672707635 -0.356925984480145
0.690457914503014 0.627232618978445 -0.482361771512382
0.592563010228273 0.485527849425678 -0.317679647520314
0.630372598400191 0.775557916613193 -0.128017779470662
0.428689510906251 0.370879333604370 -0.292808653461598
0.110475452044914 0.330548138474245 -0.127371611531121
0.141144250513837 0.115688498109192 -0.071205624928683
0.256162813662555 0.334556506192290 -0.227046168596288
0.026425070084003 0.054235518329684 0.143770492363481
0.083062777830068 0.250623493598574 0.031610368470060
0.044166333897976 0.220725374663061 0.215807741094324
1.246590339324761 1.498897916513103 0.879573626785421
1.471574835339105 1.495163894423488 1.301443503594861
1.498450115611786 1.439684968409860 1.497159861163434
1.387769650200869 1.308278446570229 1.490855311809458
1.123975018593362 1.435237201100920 1.498511216616128
0.919482809327752 1.499342696581394 1.369588241711008
0.864119246968123 1.394427648762479 1.499692439581379
1.115057333353521 1.496023730975482 1.334912654204496
0.229081880105595 0.721304157363883 1.484311201919388
0.087277571885213 0.539214840745347 1.453365182321100
-0.018425305636005 0.119054374928221 1.427374282579134
-0.164659799970965 0.251394889110222 1.287261537254732
0.020843158319797 0.265109043253832 1.336139473345147
-0.013177926186478 0.187811450308970 1.076922768235106
0.114401510508721 0.006973179476796 1.466097949154615
-0.115248024276563 0.474725507221940 1.324517994902594
-0.019780361203964 0.353474677471784 1.486678758822451
0.295127259974909 -0.187258749827514 1.495195934312140
0.176743484537131 1.047602442872372 1.262847787507424
-0.008208877879289 0.646539627542084 1.198131565395296
-0.104814864063800 0.720293099273873 1.428818166310557
0.068023135580808 0.703107224418406 1.405954751501280
-0.033808638684294 0.524702524222592 1.081368606263160
-0.013099514895941 0.842762823766131 1.102278572254756
-0.027973549727555 0.902248043616838 1.339817414546208
-0.130727075580127 0.468288032553423 0.766778876953578
-0.054510107053714 0.630236689584267 0.767923219560281
-0.142788584372545 0.713434911181060 1.053528449758768
-0.172593086964954 0.546396700769034 0.926279723069643
-0.088435339561057 0.236724648930594 0.784317595194640
-0.004232208812597 0.312294026473353 0.597997583098099
0.427785625614953 1.322380841011750 1.484352115777289
0.169599731625854 1.333950191003948 1.443953701082755
0.065113964056182 1.174213604194372 1.315330863187158
0.181908211266586 1.162773786773742 1.452877012681378
-0.092591807663759 1.130547560267351 1.429086141249671
0.064305589441214 0.849494912440022 1.496927025821230
0.370553677805303 1.449637582886960 1.212810603545369
0.476715422331932 1.494631380926980 1.047685168308617
0.137056281777098 1.282811498030135 0.903634315650791
0.237865528687018 1.134458027558092 1.116098764489907
0.190062498265785 1.398500151241209 1.259955644538818
0.516628482648627 1.446786178279801 0.871496764702222
0.421994033139176 1.375148710435586 0.601062292305389
0.288218605925795 1.405428192719622 0.916801421088302
0.124200019910411 1.418902475174062 1.022882963177298
0.126925056352455 1.274414456649173 1.138378667989320
0.100552624221215 1.232421765691405 0.571085208498244
0.121013048840405 1.156659864606990 0.729576430078282
0.043514008527563 0.987414711174070 0.792891242120977
-0.103326691922151 1.097606258126616 0.901235636721315
-0.075325209523469 1.102499471099931 1.104432451826077
0.107616970560795 1.007617815963707 1.111171929854083
-0.160944185151730 0.913450439349261 0.625935314799558
-0.189982403846324 0.826881681445277 0.925538370542676
-0.052741528389305 0.933486458703749 0.947050841292749
0.273374356844959 1.240996046561136 0.567881520616418
0.269796756432513 1.464114079696004 0.692019261914335
0.562729599941369 1.464744801634299 1.195194258452911
0.560138709871555 1.435142405822221 1.470774523589796
0.730670329471663 1.492357479981301 1.450371426324657
1.107209143965765 1.495493227870652 0.513600922296145
1.055052205088348 1.383889690548536 0.281944751849254
1.498039078025976 1.499103505825631 1.028924831941788
0.878328656428366 1.293601776277890 0.231126193701395
0.812884167872829 1.493782808523417 0.174136129316799
0.754560736421913 1.484033148125577 0.389928920886658
0.599742768782694 1.372325014403626 0.182670039102019
0.701388998163652 1.171136948602174 0.153187931577016
0.899214387953554 1.351560396275503 -0.018533056374729
0.940061562006464 1.220229804250456 -0.169464234639215
0.210855462421189 -0.485966430976091 1.336790172656715
0.032120640336404 -0.154085259271839 1.494695570353325
0.003072698381777 -0.343911866854581 1.420577208759667
0.139054075071961 -0.291897916705388 1.298538104562170
0.138484894548303 -0.486970097660723 1.498955394777792
0.412309203519076 -0.337688727404880 1.498938637137875
0.017191305415082 -0.313165325625166 1.174449709479328
-0.038096721254149 -0.093658821037475 0.691539173119580
0.084421066879965 0.092542118509706 0.649125407250310
-0.223148251580546 -0.036358136373551 1.196798715810693
-0.190266877038208 0.028933281148636 1.388203583074231
-0.173191076848989 -0.161784111351148 1.401380756505812
-0.097093057646022 -0.192348724462466 1.251426900040737
-0.038893371963230 -0.041710090714035 1.343931863058272
-0.206033158708506 -0.368254742660488 0.926964761538203
-0.186975787629591 -0.429641405577703 1.103895185551329
-0.002423550399205 -0.497921625252155 1.122809809189169
-0.120565293586782 0.031776060742770 0.807128633417710
-0.242866178055557 -0.198033033489237 0.906864020489267
-0.241279145543516 0.168755053980187 1.004721124857118
-0.309521717346798 -0.026829983438713 0.857145834129018
-0.389585054352319 -0.031614884347329 1.077329006746246
-0.204064587329029 -0.204462900249563 1.106540544950514
-0.041763459039128 -0.322295079453450 0.904645309841224
-0.165461941494112 -0.299235418235248 0.695703817759111
-0.323672055560289 0.383768938845843 0.913505059843663
-0.221100853868651 0.352176935888573 1.157851444967409
0.035895860757383 0.866649615953563 0.216477322988102
0.001418283806758 0.581086792488798 0.029213143810967
-0.194014902038299 0.729659027917584 0.149022700510959
-0.055756106434477 0.608830222705627 0.191761707784267
0.082073985008558 0.742637382798035 0.107975494335779
-0.196621695258963 0.546509177555581 0.584903652431484
-0.165472719339597 0.412065758185450 0.481472874893687
-0.296390629111557 0.650060725998084 0.362960250290839
-0.236419315383017 0.862232898833867 0.423281636212929
-0.128066365208540 1.102244348262473 0.335954619164234
-0.103641992884930 0.935555587786233 0.287086996075538
-0.072739200956788 0.840695738616587 0.489847795755813
0.041472587669172 0.978424659810136 0.394464703136048
-0.316458192375551 0.458727857318446 0.199284405301969
-0.105025498346193 1.129807508510118 0.667658004634706
-0.272994055303260 0.797567475623939 0.779529055067232
-0.198360182709935 0.713402892471212 0.650854402969712
0.208804204135080 1.214394336952531 0.347006032985725
0.395966150083333 1.196935537888712 0.361815396123591
0.402502390257445 1.405922272177291 0.162386141689334
0.576134495599317 1.498658472694542 0.368798889313846
0.518547386141258 1.480856276187979 0.700400868807392
0.402221626490169 1.498908363522574 0.470217891522717
0.349371916677639 1.383044339961118 0.341696563251795
1.498920315507858 -0.496000983519365 -0.384480324870406
0.887695604518756 -0.249151609776573 -0.497467746871169
1.365785404439446 -0.499756464650078 -0.498824528946803
0.575523023571609 -0.057378078112189 -0.499715292066487
0.805733039370618 -0.442295048664530 -0.479378387314501
0.556562956971144 0.014141874498087 -0.343499620536901
0.472670917713343 -0.244598663209084 -0.437843112059535
0.396548819548739 -0.106490990667633 -0.300375924343924
0.376534605653913 -0.478574687982701 -0.354684805456746
0.014328809577334 -0.331000615847159 0.308511363741314
0.056084818529946 -0.226409036152660 -0.073765046349244
-0.003368520152332 -0.435587281369223 0.114490605216704
0.005527033698506 -0.146968258811745 0.097650828769497
0.174150494651103 -0.324067689915699 0.013889169121873
0.181648061971540 -0.135550264836141 0.001607234480004
-0.218527396157975 -0.496085363221153 0.446865975578412
-0.061668996012971 -0.380133554261097 0.516006846984291
-0.090279797027619 -0.496924240052350 0.333500893932984
0.118691034885568 -0.492771549883152 0.247331112830909
-0.101405898772028 -0.468142134701729 0.685201080483453
0.184701612848279 -0.494842280485122 -0.067972044757412
0.133064766194196 -0.355246847148066 -0.295052508726563
0.247515530839947 -0.464392309323570 -0.226458355869734
0.074434664121016 -0.141528398066318 -0.321044392891572
0.220725724943692 -0.035200437400808 -0.311306380967059
0.222439055382316 -0.250654634915637 -0.471987749849970
0.245904283413144 -0.025299850881377 -0.137596214438678
0.358451199088988 -0.372907450607980 -0.496284430122700
0.469572660519654 0.196314533408926 -0.445583869360380
0.364237910229627 0.066539889235712 -0.360083528596665
0.150044275259971 0.136696925536378 -0.337023969385343
1.178630834163074 0.746065244160595 -0.285638191840318
1.485453040869183 0.493228286134709 -0.499976889409879
1.408259142730391 0.959317130545277 -0.360617981322294
1.132626440772968 0.721629707589110 -0.487729780639254
1.307836589161640 0.906195197846528 -0.494246532242352
1.370907194394757 1.197709247662191 -0.344460537341072
1.120400225070283 1.276502259731570 -0.202636216723080
1.365435977552979 1.470606681151139 -0.240425526216997
1.177382656619937 1.191365098330317 -0.406878813721846
1.278320246121914 1.319417146043915 -0.256017098444612
0.894931084977314 1.162558093967823 -0.447641343674064
0.780982245458481 0.880735444676429 -0.392317340219584
0.758839598928771 1.073218086917670 -0.336722746616841
0.924753783805131 0.855965462112284 -0.492044866113131
1.377912875482606 1.063151996683422 -0.499990318589011
1.051331105230637 1.109475606596666 -0.493384887087126
1.012224310172823 1.357892868359214 -0.433830103805429
0.815215733852805 1.202483911434412 -0.045527049202878
1.433988841395346 1.495350893235789 0.039089869286931
1.495825987583147 1.318827204161026 0.259210754557180
1.057607500004248 1.493360875763363 -0.088368507798438
1.490275774112377 1.302032933471465 -0.264338459719516
0.653122367890800 0.289200147593265 -0.487677762536888
-0.369230769537227 0.065617229665819 0.146071202962895
-0.186772396981971 -0.073853273787347 0.248409640160289
-0.308288052014604 0.210410878119584 0.268133772720234
-0.312393080438623 0.064374845645745 0.429433656586978
-0.236637766388199 0.116806007319211 0.035903857622597
-0.170582974871496 0.162268686874891 0.427865687863731
-0.120683271904187 0.175256038316041 0.148185410698976
-0.121840111619017 -0.002692637716535 0.439424697200060
-0.247957633881466 0.295789981941622 0.611465751578791
-0.305431643377429 0.130834792627226 0.676304101850129
-0.261598308560866 -0.062038444674918 0.693474574344978
-0.467338979878723 -0.145045235837693 0.574795082299006
-0.251688340680834 -0.318562364824802 0.491807287565484
-0.337864975280908 -0.341669584965931 0.255063080628556
-0.412388372810673 -0.135833268110557 0.367313808840272
-0.311152050471137 -0.163078463140668 0.048537699913446
-0.261645827722026 -0.423661946912762 0.035094940524503
-0.162604625299175 -0.286622226879995 -0.067485004797019
-0.150231398585071 -0.374200355846023 0.225503162263629
-0.147133410348399 0.296887751909890 0.270564357583044
-0.105764457386600 0.313270985094692 0.043278020510797
0.138494172649808 0.712449013994638 -0.116370074010348
0.216122563482749 0.453200518009799 -0.364685782428629
-0.044149334655501 0.678666026346179 -0.336277162871375
0.040958744111501 0.576885260527097 -0.159373765421325
0.122001237338866 0.626551040503349 -0.354796555947588
0.469191461646702 1.167182887847663 -0.191730792340872
0.601991552655216 1.136024981525782 -0.297087873850051
0.698194523928750 0.914109561829405 -0.243036511698777
0.784368082032251 1.302442404095588 -0.262459728009317
0.609821769618943 1.434972084644766 -0.054602451364574
0.728120969398637 1.338091284301960 0.061610652824855
0.679765432539800 1.293877668840217 -0.124900343875551
0.525870457427712 1.301032759262006 0.015345631411704
0.291591940436271 1.208467699246724 0.033417804851853
0.118659997469697 1.178855956985535 -0.120707235847295
0.305350303860913 1.087368672271310 -0.365499219290163
0.137068491394578 0.987185606498153 -0.212845588958755
0.291829075204681 1.117321825533987 -0.197298284202795
0.151072528434546 1.100962565587884 0.093421666851422
0.240236280462360 0.859408234127486 -0.150469889487982
-0.007537717257194 0.896652678232254 -0.001523858791415
0.037731204897912 1.215857075888980 0.274912743513138
0.105268623314236 1.410320096993925 0.174048786100059
0.236530264258525 1.288111066496722 0.173425895321097
0.530392997732234 1.042771199789054 -0.482476967096157
0.408402478139881 0.904671080019984 -0.401836307949580
0.560437599056914 0.739958776094556 -0.440686953529558
0.610711315521511 0.903538116533897 -0.422504917780240
0.329591628228841 0.748831383580781 -0.465392321081657
0.181427435692149 0.820695120849887 -0.385643494178629
0.273358665343999 0.643133606520020 -0.267324252618578
0.307381295257142 0.527116961739082 -0.487767751709675
0.528806048749511 0.550162988357460 -0.476446682802404
0.385525774595217 0.363413540461687 -0.493091416320644
-0.035818111922657 0.367767118861828 -0.209283967843012
-0.087768481129745 0.131220403897986 -0.114698664988244
0.049614473296912 0.196189654477616 -0.211892254240242
0.003276178291154 -0.021305225903244 -0.063913853893361
0.080679114609766 0.020605169349225 -0.221078878156921
0.309853273098798 0.227949421769924 -0.378375822352274
-0.131320631800349 -0.018140368410905 0.076526725952980
-0.093530039005672 0.557653907311701 1.492952925070989
-0.213298238459578 0.249212428279968 1.485428984002330
-0.426355173676935 0.342661033442978 1.350064357701197
-0.437533029723702 0.139579713843325 1.347658964062737
-0.442610299351718 0.177096720125920 1.174856183892336
-0.274219533756961 0.151727425945321 1.172978020144266
-0.266930182375906 0.397983267898171 1.326293274570508
-0.268550106487060 0.611457538722898 1.263808255202855
-0.235076264991842 0.834798648292371 1.250085271665246
-0.159383399705926 0.914347489678631 1.478238749900599
-0.428951490825433 0.792397724960989 1.397397607819372
-0.413105207868919 0.609554559811824 1.452682068656371
-0.262672999146452 0.718886438625814 1.491896137854102
-0.199403147120540 0.526337247168918 1.119784572431499
-0.213089515173627 0.946758597422793 1.122186215875232
-0.141858657959671 1.043769788727198 1.254364387932079
-0.451436319850850 0.524399798375911 0.810811738318665
-0.310717475543213 0.443448841304320 0.748502774064077
-0.418862232240028 0.674499434621429 1.133813515456655
-0.327520383691852 0.669432523008952 0.921761226473877
-0.440464230537784 0.850127870258728 1.129675912360100
-0.295752239598023 0.789809978173304 1.057082758076453
-0.235150509669463 0.604374389503209 0.779224779345834
-0.275549473886733 0.253824035996707 0.799810288229014
0.362704102973691 1.484403528379166 1.458631679742201
-0.011988040093013 1.300715818670351 1.460633318376793
0.086767245185344 1.484722259259210 1.378960694254191
-0.040608647294795 1.342623595262301 1.236737110056361
-0.199633932163068 1.242280141419794 1.499497886659703
-0.370970038243092 1.222085249600248 1.256695465799744
-0.177722340901388 1.252626780460532 1.296798247830062
-0.302010769060884 1.070949575049268 1.377366811762674
-0.155721636456110 1.269186286649489 1.071458209229213
-0.037031123783158 1.259668722860502 0.942841329570302
0.091210958298864 1.477694833150362 0.831014475390762
0.160448312960453 1.327571199289002 0.733384157926868
0.062394654660205 1.491759980939782 1.197477441350070
-0.102564454226112 1.496326887582310 0.958858936422741
-0.074562104723835 1.394153193764589 0.421922896945256
0.194845184426158 1.437196103940653 0.491951000003792
-0.014974411501959 1.132122047037434 0.472962571014848
-0.116099687717320 1.409458088452873 0.680920813430056
-0.003131837798642 1.280531066420725 0.696922514250508
-0.309314190173065 1.061608855967822 0.855842212243445
-0.252563315506125 1.277917904120376 0.722945504378628
-0.128475604580922 0.980841372443288 0.780266658617668
-0.352854108074826 1.313601573895562 0.888514620952003
-0.328909937392535 1.106797922433383 1.092742226048261
-0.197175330140182 1.237621467576059 0.879140971585818
-0.356167992980681 1.022544110614398 0.606711975148053
-0.196742079865573 1.065201753085102 0.493552835887904
-0.440905635317531 0.800676458808421 0.566533750513517
-0.356394442243426 0.900193218993707 0.915674157517560
0.064654058369104 1.498366977288957 0.652604397570313
0.792898367563186 1.457175114213905 -0.130659222080612
0.989726152413378 1.433610424966019 -0.262322087201082
0.030840096716992 -0.495877108214567 1.305424952070644
-0.316702896015378 -0.403688442842352 1.482558416526256
-0.176030700132412 -0.403986296802005 1.285401045249834
-0.141569733446440 -0.429331569203876 1.475024595090785
-0.407796849174915 -0.027877580506774 1.269464451034007
-0.358372460352450 -0.278900050258428 1.298339776028034
-0.376433601453290 -0.060843212621392 1.483530234314811
-0.324973587638926 0.117274801168940 1.497526982843903
-0.305208316172775 -0.217144968336777 1.493068400357875
-0.354339855562991 -0.348085703565982 1.069414671449811
-0.344778482034256 -0.399929657574513 0.752780858382974
-0.309000425608955 -0.499293988877339 0.893402015852379
-0.105320275701029 -0.498238909971474 0.970104435213278
-0.343419518799403 -0.496379718504707 1.177690600810559
-0.403412690393165 -0.215600905390798 0.756596466293612
-0.473688288807770 -0.277379454288920 0.933314495661476
-0.413786774116645 0.160922590083744 0.980655423464012
-0.490236002772239 -0.002599397663319 0.729950855841369
-0.482088299199009 -0.054082521915091 0.894627165810119
-0.385583005100705 -0.192606005175471 1.152485388664809
-0.452840438166719 0.459429501948670 1.032779495565642
-0.490746716784028 0.355269908505808 0.900319353694556
-0.361943852368713 0.473990164614385 1.190795083608051
-0.364520747302440 0.302522161869966 1.072738220786998
0.024125138997340 1.034893919537035 0.195139459436189
-0.062772002019524 0.763650031660968 -0.124345658111195
-0.282868881154904 0.400174805496035 0.003172532825183
-0.226450435193322 0.551679993487075 0.067978361188249
-0.151626597865063 0.508912036577843 -0.115721004048390
-0.005333851457963 0.426954584344153 -0.042184832923833
-0.456976137896549 0.899724334317863 0.257814773854717
-0.356861254338119 0.787376474303304 -0.093981341402960
-0.371891976297288 0.743684682032128 0.210906412374835
-0.240259872269113 1.011430507778979 0.083388864301444
-0.197941263376473 0.707765637160596 -0.019515909688022
-0.268135399076616 0.911954440682539 0.236416899317881
-0.312271485635726 0.820763661413638 0.067688044973392
-0.404000147639296 0.593111482554518 0.649563311578516
-0.374707874428579 0.503719192750733 0.460659088019941
-0.277364251810622 0.354855356735496 0.366985954561185
-0.491344975005249 0.616005103503692 0.325628687020309
-0.391275124817973 0.787743151384536 0.402951322262161
-0.321903619314248 0.681074701141012 0.528148690191309
-0.383155371805784 0.977118254314279 0.444751212512324
-0.276574294267023 1.187262587228620 0.390689754459537
-0.280347308684807 1.082294330488720 0.246587118925123
-0.131680934682725 1.313697731306681 0.093635943643970
-0.110452375414817 1.165584059748256 0.179181444442139
-0.120793274528724 0.883026066184934 0.126318582205419
-0.486811211969354 0.394774563800958 0.079414190907060
-0.465496041541965 0.642093167814549 0.097606602456273
-0.471447962302632 0.409363610509015 0.275194851983166
-0.178647428118659 1.233116798084004 0.539934746764433
-0.425797197272288 0.744780502902442 0.726948304641881
0.167788162178455 1.378676823660025 0.331874976729975
0.301193391398574 1.422255732438869 -0.065107498698892
0.260030000130361 1.494393912027410 0.134558331971232
0.447510729308277 1.497323439691735 0.026297655795479
0.408047311019929 -0.097842589559080 -0.499193352910903
0.217556458216105 -0.456596155930845 -0.411876711178978
-0.045754681977722 -0.416802402206260 -0.277783404855991
0.012244859131407 -0.384027093602459 -0.119966842046884
-0.205478550611268 -0.113154062703239 -0.242660798272213
-0.037677596632883 -0.215712162454155 -0.215165846898292
-0.099406121192951 -0.499162353223057 -0.010549346099437
-0.281620561492457 -0.469797954115991 0.602520158338188
-0.461124506602552 -0.429680348858808 0.335952616809234
0.042296527866817 -0.311555061508906 -0.490496004976772
-0.024179469443144 -0.015175510342479 -0.494757012102286
-0.103733584288275 -0.133379286256610 -0.378157740292836
0.125091716067910 -0.107637636073451 -0.490353420037819
0.250916779435678 0.013403224755350 -0.484652351027528
0.055633806172442 0.256677924864300 -0.420025250542903
-0.029451203698832 0.099044440661327 -0.344393814562483
0.193025221992624 0.181514862025172 -0.495276902333997
1.317280451284486 1.250670397680009 -0.496839305587094
1.497462454557874 1.241374034497567 -0.468802313406642
1.156381068345986 1.445405999170737 -0.221408804198278
1.483162818977344 1.490514753441141 -0.434720670752319
1.492893002747215 1.499725552142648 -0.131766435107161
1.297801571448735 1.419314151255554 -0.421240649036075
0.801248177856782 1.382022995223757 -0.483238735318933
0.580660230047846 1.244568353265308 -0.439008894446422
0.730628105638714 1.171299874510011 -0.490397773055055
1.145820550345540 1.481460650173311 -0.493479555873955
0.914593747373579 1.495972083008904 -0.416440345634956
-0.492915894985913 -0.012791070089243 0.264225843166507
-0.384620228124125 0.231173716868984 0.067586930552101
-0.476453642163283 -0.028780997909571 -0.144531341721347
-0.498386096858338 -0.014498240063554 0.069910760903921
-0.494907281194211 0.195378041037145 0.211163442671718
-0.491188145724573 0.259686239957308 0.461529899736671
-0.497237631892466 0.064867023070534 0.417813120691239
-0.380189823577232 0.005994104399920 0.573985691063790
-0.318232601021708 0.039854148666867 -0.091848615586653
-0.223525036628783 0.337224500505971 -0.200931694343135
-0.280566742913383 0.242413522901525 -0.069893103820955
-0.463465057904126 0.378372002036498 0.608125065336763
-0.428313753228225 0.243491924086224 0.709596110051004
-0.482435528024872 -0.415304510772413 0.600707515350253
-0.480736663402853 -0.281453883966848 0.474230760634891
-0.315292046091887 -0.212897794797820 0.609113592881255
-0.491603659941326 -0.226150934068371 0.235877184441053
-0.393246203012088 -0.477248451221212 0.157177250585588
-0.418397593366378 -0.294807139383576 0.072722498736867
-0.277149517717536 -0.498171220697630 0.281912125791711
-0.352913374382123 -0.101846605697018 0.201760258157365
-0.409570757271267 -0.250956340583402 -0.149670039533732
-0.190196437342831 -0.084655645233207 -0.070921729108560
-0.232713407921472 -0.495812343809168 -0.116091154445159
-0.476441837200728 -0.435122575036085 -0.062451012714997
-0.277455148793883 -0.317872287702271 -0.267952985362158
0.007752512130124 0.857873198712348 -0.369508662347761
0.056415889257366 0.462991262524944 -0.480377312517796
-0.220696834591235 0.865729066818637 -0.410292734785235
-0.193219166695678 0.464829793726533 -0.416454130197022
-0.112267521817308 0.622593039412565 -0.481589697479137
-0.103528593952697 0.528929761336088 -0.281934228591524
-0.341449684743038 0.783397895878992 -0.270096812379137
-0.187575076142993 0.705636809091872 -0.249089815412884
0.034069555238139 0.717003896002659 -0.490396943301216
0.057706246254143 0.478030417450867 -0.302760235463546
0.436963837138809 1.224916050460009 -0.348781928671106
0.412817160595435 1.321179744883156 -0.146932285622778
0.592179455589273 1.346425170950566 -0.276390514845803
0.745027046201204 1.450832136127880 -0.335485547601600
0.451777991045565 1.494143111311465 -0.202678542619313
0.143587656300566 1.347694682774300 -0.008730416727142
0.175656471669484 1.301617806882075 -0.277098449337559
-0.025862714948532 1.220239354981543 -0.360097862546568
-0.136708335566132 1.208527091153958 -0.189221503193682
-0.128826134252276 0.965197401662709 -0.100462232352834
-0.023992638067787 1.072908201852836 -0.197033810454763
-0.027234499896446 1.123763420962865 -0.023014013689725
-0.113959371791434 1.404849330984903 -0.055362867387431
-0.011939104117284 1.414947764517335 -0.209891803553994
0.084770052032623 1.053289830893587 -0.462193962551181
0.307276852463173 1.194108823025586 -0.497797475618194
0.256998961432689 0.973880016149869 -0.498633503242410
0.151806967892016 1.134154032237396 -0.309503022344423
0.051547661733596 1.246596002633073 0.094283278413735
-0.163224261273498 1.344121608199807 0.275973253313627
-0.121564466713943 1.499516042397648 0.180384223889318
0.020347651732545 1.478842211465619 0.019827530295435
0.026871645495029 1.498244087873687 0.296618299832432
-0.179395689957580 0.173727004712331 -0.428531222600346
-0.110928023908716 0.317319410964681 -0.353969489113831
-0.285290855147574 0.007709931246227 -0.357214820679179
-0.239807978623591 0.120827219470317 -0.229025740268622
-0.222346165500525 0.447010906116059 1.484919753761764
-0.495752848112942 0.349414554155914 1.195021290326825
-0.494649657182135 0.449059660793763 1.463709399918739
-0.478770870903407 0.230215890208819 1.496852992075868
-0.409782409301076 0.974714364682195 1.286852498875475
-0.327108820825732 0.891323673596145 1.493668818052866
-0.496702100035030 0.932997682591427 1.478118241371572
-0.497468827088525 0.655798106863126 1.300529741612783
-0.496272663612301 0.668099021373389 0.895298467966714
-0.494098199792802 1.029744974537302 1.035243816475966
-0.171319284715818 1.462591552472052 1.460708136235174
-0.168922202240958 1.496428641623882 1.272802466975965
-0.350338301184933 1.258460901548447 1.422514926471228
-0.492780074477468 1.300106028422283 1.139362164298112
-0.498122845472303 1.127100082468399 1.195785847194259
-0.291480700194683 1.370767353768919 1.234899203812827
-0.495383457605580 1.172542083326622 1.361417840477353
-0.475239320298985 1.342693271553101 1.315700735565833
-0.422726385413524 1.085136802844033 1.496221607779081
-0.334875329924020 1.335062140131401 1.061444210613027
-0.171797179799661 1.433416518393642 1.112323939217448
-0.275607120964329 1.474373027063240 0.978180648593764
-0.194610607679886 1.428850039027099 0.830456408760941
-0.254949828173125 1.415804542387547 0.544483877633945
-0.198450236368067 1.496110409378488 0.359219394214022
-0.486808567397197 1.145378455922881 0.676600277531871
-0.475408843363963 1.045842917149576 0.823223178619276
-0.498972546159942 1.426400167147808 0.608099896200870
-0.412107712765359 1.262227119244568 0.485669348904498
-0.370907756281994 1.413605076389405 0.728970986840262
-0.446070966438760 1.177178265620817 0.928505848441695
-0.462999822088310 1.481067548568100 0.899856760559359
-0.494686183166345 1.287747766197808 0.798429976851240
-0.492456170571305 0.940739917447947 0.671207744581564
-0.487382301654266 0.654750103882641 0.492740672082684
-0.456966619718961 -0.468579688018277 1.320220991500246
-0.488334786121656 -0.376584835630152 1.496374643804737
-0.497598237909058 -0.123790816939578 1.377336419860039
-0.499117257728082 -0.338825682907626 1.189459774818920
-0.494740062983978 0.061085124417875 1.489618073580659
-0.498454484242051 -0.458409695760065 1.014266076539687
-0.471127030228536 -0.495612622050802 0.814269187992964
-0.400798813597738 0.433781637474809 -0.170242791317735
-0.391332098251495 0.552272292907713 -0.031147366672289
-0.312546104788050 0.565049852589530 -0.267945419124453
-0.465737175173713 1.165012328508851 0.182761612424851
-0.498126216181016 0.878230460575845 0.057929741545662
-0.471396519437342 1.058815926492948 0.315969033332544
-0.403923391800181 1.006108206100393 0.136291615748154
-0.433124515039320 0.642043374461988 -0.174586415078425
-0.492674998536693 0.906885375230776 -0.112055652570076
-0.277507460955849 1.040045417297220 -0.144475474665348
-0.218383311897696 1.164359164644156 -0.027002447165157
-0.483445848075209 1.095609588513071 0.514044964679762
-0.305929541764697 1.355694201912935 0.381347275463789
-0.333765086173441 1.312284829360531 0.090756688937757
-0.486383904740384 0.286996446579894 -0.142794670280855
0.209010961049106 1.496351891483342 -0.311271999157071
0.169859991735342 1.498085162354025 -0.141928301165674
0.063002604330330 -0.482357879835823 -0.486989406430502
-0.156322710472463 -0.396912668467748 -0.420361051852905
-0.330834995297861 -0.201510094097705 -0.419685514142783
-0.377270560379035 -0.119700562820147 -0.254491556923270
-0.199746781935473 -0.054853761046819 -0.494412666072721
-0.170818696234038 -0.240013863396744 -0.492300872864924
0.664938870375784 1.495678706503869 -0.499791012449325
0.483730376618174 1.389993119295163 -0.476298134466891
0.794545170665380 1.013917328226798 -0.497131488507099
-0.471682969254874 0.139973279682878 -0.052318192226567
-0.489582496581637 0.069571268084092 -0.306970466277049
-0.484762171167595 -0.160487965901271 -0.023750256175156
-0.493167081035241 0.134939181881803 0.577003945809990
-0.377721293659150 0.182132181417029 -0.444225891685083
-0.346616592518091 0.302961252976429 -0.317160327824718
-0.468909364044758 -0.257048820224061 -0.314597054478611
-0.375929742996245 -0.486926718887835 -0.279664070246611
-0.200334625697783 -0.493489310396730 -0.282963015396835
-0.369511795360559 -0.394346505395154 -0.458380881861774
-0.116885564314240 0.918104667982734 -0.270829789179390
-0.078179218216418 0.961083542169861 -0.473736119013610
-0.250059459571115 1.076259216321768 -0.366989011157761
-0.447918313986059 0.866224021862258 -0.488793330069760
-0.314082398418239 0.724845376869353 -0.481224331461812
-0.472148422870671 0.979263701167830 -0.313390970971284
-0.309368867070516 0.979823289072036 -0.499845954182335
-0.299191577992178 0.348786715660836 -0.499384742569723
-0.363776427318599 0.545837046275678 -0.450348281568384
-0.490012169097905 0.750059943470667 -0.346964949509230
0.340994644078456 1.365208273606386 -0.345952422001776
0.568146745844115 1.492667160536860 -0.359671421085754
0.102577440528778 1.340598781383504 -0.439959952988757
-0.186758667637585 1.411770789046703 -0.480143866063629
-0.119559798857187 1.163946351688499 -0.490297533234569
-0.256187168093849 1.284151976523706 -0.348967142202374
-0.366733892068491 1.370146654149235 -0.110647594608638
-0.412204628369816 1.210906726429984 -0.159094821280698
-0.186331369513917 1.383264315677712 -0.218396480409125
-0.289468041296627 1.494596928150622 0.087513046812163
-0.252423886235673 1.496717259154460 -0.091249661804796
-0.051496254867573 1.447052317350839 -0.372078515438414
-0.443756451259684 -0.010088504548195 -0.478834775224669
-0.354001987060265 1.495461264543497 1.391873406300677
-0.499554888299292 1.323392716362718 1.491597329605030
-0.498302162501756 1.496717410724077 1.079979128150832
-0.456547366345028 1.499968678520789 1.253934586094368
-0.409265752186054 1.498427077261413 0.465523187453422
-0.343838125091114 1.487225894342252 0.252465561145666
-0.470570961428781 1.309731266895378 0.329734564303632
-0.499948843629840 0.376316549155675 -0.295809646694093
-0.492852731647109 0.545068842009142 -0.322408716704985
-0.477103771092156 1.188365229532541 -0.001046151050811
-0.481488684123090 1.372872277586419 0.032388035310267
0.188238295778719 1.483770160541641 -0.484816474381575
-0.490256263569374 -0.174545267157694 -0.472199867712046
-0.470912500312410 0.324167857981397 -0.494165526698219
-0.496321164007306 -0.496030895368785 -0.408584608315414
-0.440276815270937 1.159466140757003 -0.348795054841106
-0.312057846177395 1.178043523673098 -0.488216709458224
-0.463471939854905 1.048940707212937 -0.480480379882940
-0.483836401688575 1.348580148692816 -0.485698299007675
-0.297365808905123 1.484303631356918 -0.318251943747162
-0.337495007230256 1.490149950460653 -0.486082130309094
-0.420420471882437 1.352306659532323 -0.285294114749068
-0.487741656178511 1.484896224646830 -0.143657549102871
-0.485584404800988 1.494309790922781 1.499505843093713
-0.496395135946270 1.475297408896115 0.178411056394766
-0.493489218239721 1.490637779336076 -0.386720062210837
