277
1.385545103083804 0.179146981687452 0.901809021757912
1.480825909757724 0.106830135889360 1.342677686135805
1.484111585097947 -0.111842362951649 0.740993035587845
1.021213104904274 -0.121876604372683 0.958087198761578
1.174687483948026 0.467508656661348 1.069188227490029
1.224489441332938 -0.153706555293535 1.198365871022240
1.380915607203598 0.267909999500626 0.510565891291887
1.493652503523296 0.458532402078418 0.917827037964002
1.004896214873238 0.508686519174129 0.638402549337185
1.066659685187680 -0.052555357273068 0.590355542577452
1.119632984187724 0.288322842180980 0.815952300939477
1.067659791814405 0.152373298115465 1.152179339746466
1.496251132626090 -0.053255674206036 1.065097404547786
1.486517523179677 0.394764359839297 1.496711595691294
1.365280731372022 -0.131696841111146 1.498737447188074
1.178138664779275 0.169397409034589 1.488116258850595
1.350472931130637 -0.453158019822095 0.698534736947317
1.483660412783811 -0.284358685843562 0.342753292989534
1.487037173250662 -0.387686008572336 1.002807415975168
0.691679256808568 -0.074388473590239 0.843349997098600
0.994436514494963 -0.477036053931421 0.852346817824380
0.661506379073053 -0.440078702181643 1.152941103283166
0.694559376563103 -0.127659649382243 1.238757951580693
0.961789789113412 -0.397644322558609 1.190766775502503
1.230886157890680 0.790295892937734 0.842715849483028
0.852618424144828 0.427894771036455 1.414260698673874
0.915234900808727 0.795520049057305 1.098761555303116
1.471871707379550 0.758665468936564 1.181728356941810
0.753052268017015 0.585389878120743 0.829739622763030
1.038105091345798 0.745315761629084 1.497094073226316
0.851430394160784 0.452558606158016 1.089670048422288
1.251401266678715 0.592242718294536 1.335076919283853
0.975453506922372 -0.153180114865042 1.373524700658253
1.239465944612268 -0.408097914495264 1.411267268903386
1.427284230422564 0.027577002072450 0.310957331317720
1.468718288137555 0.625114373597728 0.583407388597796
1.005792011897136 0.598680904935940 0.211066472802270
1.495542156328519 0.515718818319051 0.252567086447365
0.991839770631608 0.232086063989025 0.365392546877929
1.208572867393970 0.489222751705024 0.404176767098548
0.656298279053364 0.800471739634136 0.395871504798520
1.036701156330538 0.794869072422659 0.497995011595092
0.628494205689491 0.497267057129631 0.434650074649857
0.719509220281530 0.184350641485245 0.630488568623267
1.053606910248896 -0.176794960106722 0.153256367069960
0.703030957391889 -0.225503877360530 0.312101025823862
0.848245856852889 -0.490941879902266 0.488948222673520
1.179637200443502 -0.281619018937512 0.432983626558432
0.868203454195047 0.169170967660262 0.928139743400123
0.719100432182616 0.102863999796908 1.431275046553001
1.435244039972184 -0.261159058530455 0.012213080514246
1.302277603526465 -0.498454177341764 0.236624140415623
0.317918052476055 0.027570841350241 1.052175342760119
0.488674171734267 -0.225319662448666 0.602733710970942
0.685314810252045 -0.489930406322762 0.814672953803456
0.220306706955717 0.260510828455110 0.697752769107583
0.338440327219207 -0.396559829338178 0.974046565577962
0.431594689899813 0.039437199807503 0.746397771072396
0.416980162386785 -0.476509205214149 1.447693447783905
0.743681099486654 -0.362561858625666 1.452673422906948
0.402905007653638 -0.107882329332091 1.466415890507903
0.518646320114515 0.248585019897911 1.144029042476250
1.211117236752681 -0.499659750950167 1.058749063721945
1.061080045235106 1.226477000747543 0.785040134664569
0.972100792052389 0.936328360482317 0.789998949826390
1.483975048152440 1.098395416991073 0.726975411076471
1.290913557845209 1.031853924747071 1.098200723753989
0.463426814509610 0.578115024714944 1.203580928844806
0.479677288440172 0.721639218316271 1.498534276436326
0.555059517626065 0.378184400536607 1.491860117796868
0.738666782713876 0.805950208713257 1.356704581419330
0.532938186629727 0.976371071196606 0.965665626586068
0.810740979428333 1.194431780966088 1.050580317417839
1.120013090278969 1.181311509652721 1.443580733528859
1.355939454653480 0.903619243116122 1.444912589250929
0.466993743705535 0.497492239528366 0.785809973903907
0.590866605564527 1.054972369889901 0.593498381107040
0.565416971795369 0.768466505036274 0.683876864359636
1.136061347466760 0.280784954613363 0.048928024252881
1.485246767413591 0.247842280104330 0.111483657645403
1.375376222015712 0.877340220909015 0.380610975909367
0.988956643745700 0.899028248737583 0.188367665218064
0.830955373339217 0.456268588028050 -0.019377561996121
1.147744861361413 0.567087051216835 -0.105502243780645
1.498765007470100 0.837079392810527 0.011436258356736
1.498947121797206 0.554305609443566 -0.266027859555866
0.562625976532775 0.244067994257553 0.256235098275154
0.741535196347781 0.011453901705217 0.009748412387042
0.322036289514422 0.685451020045475 -0.055451416182585
0.145002558902373 1.049367038075868 0.220440093270489
0.346893380679136 0.815008461936273 0.243404546697573
0.592202591527043 0.662897995710541 0.102704625416346
0.902032701704774 1.297057628152083 0.326313352147562
0.714597727736490 1.024708719683024 0.035005849488660
0.439133874033434 1.281657721592146 0.201817921106350
1.212047559209048 1.037107456569062 0.607972346880880
0.886477738777219 1.053599776800086 0.520161369684807
0.238691290498946 0.442245744406408 0.378774456172434
0.933375731042301 -0.497566004797874 0.108340028661338
1.088636541223716 -0.321166195022488 -0.354858199021529
1.168666120066542 -0.022632541956170 -0.344565659476476
0.792551149450523 -0.346300849687006 -0.289531957561009
1.399694242119675 0.131381273613670 -0.159613722977754
1.035253879840095 0.014755472056878 -0.076899228588177
0.246234673137698 -0.345403811197975 0.308831572085633
0.396200416711824 -0.358376078717239 -0.022565564851689
0.528273020248072 -0.469761168274193 0.226703168286754
0.327179058350864 0.047478241858434 0.374778251397690
0.311497086994976 -0.031868536421806 -0.001818132538556
0.689785622284262 -0.305119360910103 0.023161696764881
1.308262311047607 -0.449693432281969 -0.190734992986307
1.483422886786859 -0.172494737522928 -0.299535964928852
0.054196041798634 0.536325717903498 1.188921944602980
0.096133862282347 -0.128642558977419 1.220879006457616
-0.086007383944739 -0.279066887398784 0.764441104897368
0.164062968892523 0.255529033531611 1.187178611148740
0.117180637560549 -0.001775025768455 0.827503840213941
0.193301531037380 -0.261330778087124 0.640920131046952
0.385787828753617 -0.496985022075619 0.677649215419798
0.136169160880900 0.736791416264030 0.750065980587952
-0.058662681120463 0.520170117617936 0.911229629393278
-0.021049321421509 0.056378626190325 0.411893789288060
-0.112098479304446 0.261931039534074 0.746085207587253
-0.059062825153567 -0.467318233141258 1.113967882416961
0.160278411827207 -0.321436342168556 1.455217968133429
0.279556493808342 0.234347318840970 1.491096739189408
0.820475263694211 1.430603070107684 0.724481830896252
1.474533375145188 1.440857092956376 0.571455157659379
1.389747933834237 1.494101148621017 0.944371413988484
1.127519953148135 1.477677575340195 0.635093444268184
1.162065414412337 1.337518291988949 1.178492225038800
1.472108893314665 1.259857173884360 1.181116188861865
0.263479286833393 0.789254856861705 1.040546014132395
0.466469882816730 1.098363932390751 1.342924268833945
0.224844613291964 0.760506418072450 1.345075329287842
0.798121118147148 1.081273501560829 1.492850909724766
0.216581776226240 1.294595169485396 0.943633086642027
0.045474031503125 1.011074411418729 0.622278586971805
0.513286399416713 1.354388271317383 0.789472347968171
0.275960978338458 1.020780924022891 0.817373754284267
0.511178885802033 1.255862427117695 1.088874633929369
0.766303218216076 1.468070086213977 1.165242269605588
1.465608545106253 1.442275605542692 1.461941787377410
0.902599805854887 1.454484017070818 1.483923092976215
0.052067350583585 1.273897665705917 0.468390861751164
0.327756004691448 0.912883150997746 0.538718321597878
0.361515436605216 1.257056690286440 0.536347176907901
0.964982601964257 0.311058197961156 -0.380007963076469
1.458775803490023 1.179176664247072 0.399880701007002
1.216185082382431 1.218641055383506 -0.071734143598031
1.246164976950905 1.083458641529290 0.205055711591244
1.022750438875905 1.031976515613347 -0.344316338769651
0.931082804638704 0.841864994023710 -0.117956398066607
0.760306245157621 0.653789631768022 -0.437842442287004
0.614782429898353 0.180106850677259 -0.208043216038768
0.412776348537802 0.516819605033795 -0.369286964930323
1.246672869774316 0.698003932020375 -0.367274219866864
1.346832059179863 0.203362641259110 -0.452353336240832
1.458926137187321 1.073113325934675 -0.175598719814059
1.218831956116235 0.911352429675418 -0.066800579223657
0.468419836399838 0.353361286266899 -0.006786154636113
0.516617382027094 -0.187560002650509 -0.280252775056615
0.050935919269132 0.574888372874649 0.020864445358555
-0.051238225417363 1.051352460370187 -0.278602764028182
0.582074926540846 0.908698909590813 -0.254783745595412
0.135213673935190 0.904196960417798 -0.497182279928153
0.280372688069302 0.999332530244209 -0.101897731995899
0.112410039714065 0.626095036911946 -0.308065851683586
-0.249187802529677 1.281895836218263 0.017310745981928
-0.158721290622098 0.868083769529097 0.240406372515106
0.089905164413540 1.388736655407554 -0.103718510884863
-0.134717096760283 0.693473336245442 0.488499557761365
1.249761010379861 1.469902752745602 0.319061581031109
0.957316741985404 1.474650143491339 0.079759537046980
0.670872169359968 1.480844352210950 0.273518955231075
0.704689361337273 1.220229666218671 -0.200082684469410
0.287759740918615 1.497448621166808 0.345066514413562
0.410309673126407 1.278743051970491 -0.364615645174633
0.447452641721240 1.460415688875309 -0.055796863905012
0.162126410895404 0.205345622682477 0.144812624389399
-0.272083054545972 0.366117692371624 0.193444404682237
-0.061324373519638 0.395039158627757 0.433147344930411
0.891248399665133 -0.095088824369189 -0.496436318759422
1.322225560722458 -0.442962567012565 -0.498391518288071
0.592752105684634 -0.486245449942383 -0.475645760214785
-0.307459816922085 -0.192205543694226 0.421760961525376
-0.025541024988138 -0.456371266345234 0.208501251350304
-0.097465533227649 -0.005493574987191 -0.017167692002969
0.108357689590807 -0.372647955316477 -0.256296013738162
0.209311247991063 0.011925463124267 -0.346118561298849
0.095399190402394 -0.238576429805775 0.022130685825274
-0.398387530187169 0.402440626452674 1.205215476038752
-0.187262628657179 0.945131580176388 1.236231046697466
-0.389675009197501 0.761195882439497 1.448611795817247
-0.035033790312790 0.397969602387161 1.464243186108929
-0.096015324233079 0.701853108120003 1.390616336765841
-0.349031163683274 -0.011059167706416 1.092354744754677
-0.102869421084356 0.015607860461259 1.424290290958939
-0.407431974323811 -0.100680967490016 0.738852825440119
-0.332585091955431 -0.374362412434517 0.946488405285919
-0.197067158990692 -0.494171418775717 0.587252598080892
-0.172711931263141 0.239084563908090 1.063073094857619
-0.059378614057016 0.836084433111031 0.954765674095909
-0.381101418349533 0.626868546577705 0.771472278547583
-0.248816135507686 0.647746598045489 1.107310144843059
-0.494522759486875 0.271109081296446 0.535924868412112
-0.308103663574746 0.059304903908270 0.233849924927460
-0.405309813983046 0.274052333967316 0.826791995012947
-0.322909087792525 -0.217911591592303 1.496713560010174
-0.373210272894782 -0.494102346105834 1.313478147171688
-0.094511252672234 -0.477295498204875 1.483327581149419
1.020270397909540 1.494343285869138 0.939002434192443
0.205305336135457 1.069247036154432 1.185788986389230
0.088185340418703 1.308252011726408 1.493340873347790
0.209236959916803 1.031122820224731 1.498650187219769
0.572671189290753 1.487538550577382 1.396883556826418
0.086129775209157 1.380498073366575 1.199763847261325
-0.272289407058879 1.358131630711720 0.779878359957346
-0.039274302721407 1.138538625121264 0.930067622158229
0.016086195850161 1.453666596521580 0.787115345314307
-0.322939538143968 0.985852828082728 0.693297419665662
-0.237014060706176 1.199542664802110 0.498445337080383
-0.151705641160090 1.491670649799880 0.435964094495663
-0.002351558888537 1.372975449970593 0.190502080118894
0.687788926751308 0.282467838780192 -0.491121678628786
1.093012582983262 1.450856252878994 -0.392089341819326
1.422902010615906 1.497253301826744 0.048906169916158
1.388379337066232 1.492283040143804 -0.284266288677275
1.325339479447792 1.045205903224567 -0.478611303639642
0.826921539440476 1.217298853635611 -0.495181158758971
0.170271816033563 0.335204524355609 -0.413306785422111
0.527061612433137 0.017798873534563 -0.498698763857576
0.291706969710514 -0.246562777388859 -0.482379169702383
-0.391616428342372 0.499465120848752 -0.114827664642615
-0.175159649618544 0.238751224118682 -0.223294050475925
-0.015733512653592 0.861281597918077 -0.038583914554275
-0.472322636001656 0.923976283319790 -0.390951404020191
-0.261157222026680 1.246883727232993 -0.390560978096451
-0.217298901781315 0.685646178523284 -0.492746160421913
0.120371113127203 1.246690292893231 -0.454225553265634
-0.393805686346430 0.950058784338945 -0.022464285073704
0.420917804200382 0.810214835936476 -0.487870144073289
-0.474833230881372 1.459374483687908 -0.069783859800094
-0.492105495039038 1.189857843339597 0.247489575016740
-0.184373100211667 1.497495933191515 -0.212283102811519
-0.468682239348023 0.629195799043160 0.234791536931897
-0.457765936597129 0.928739974057057 0.408724165690243
0.832726840606062 1.492310299047510 -0.248573762153110
0.588869321125850 1.492459494632192 -0.476158167301141
-0.489824263764485 0.242316898152383 0.028331930414709
-0.478497702512273 -0.396576391485723 0.008913790043920
-0.442024367948462 -0.460227265618107 0.361203202972460
-0.173255480637554 -0.294708047543568 -0.140900146505591
-0.461229134288285 -0.097435102012351 -0.118843282305742
-0.163259325785767 -0.453194215933196 -0.456583102972583
-0.094213176024778 -0.123092666839498 -0.431966861382215
-0.386463731774319 0.113337593103778 1.365598306034467
-0.400762953773622 0.465155818948992 1.498577303809399
-0.391617533752484 1.058029997645596 0.992651488748467
-0.451685193440859 1.135973168549751 1.304843535269205
-0.166927897036883 1.240140463801426 1.286790489655627
-0.498459961191304 0.838945051363575 1.180058447390307
-0.499399219800426 -0.237967968659362 1.218457257614832
-0.489306979550371 -0.375474519029858 0.648558249489429
-0.189042711738778 1.491026841857939 1.482561294755321
-0.166603415389308 1.448735775550802 1.053238933439352
-0.490594022180532 1.496295499483140 0.627386260546588
-0.473438042498485 1.423494223761260 0.992638689649290
-0.359610793870485 1.493860535469179 0.219698859478051
-0.113196159157320 0.384032024653481 -0.498522876953241
-0.497477866859284 0.437882034550891 -0.440055421436697
-0.470441676785136 0.143038726694314 -0.312556509763071
-0.468193569216125 1.462646261601226 -0.442996198971274
-0.075470440817684 1.492482899133349 -0.498347577606879
-0.444414981064668 -0.349751874477851 -0.305927863020522
-0.384812665215071 -0.080894693297327 -0.493377511201891
-0.455411097949456 1.449085284986190 1.345225131257947