100
0.783099223758605855749692636891 0.394382926819093038162122866197 0.84018771715470952354820610708
0.197551369293383960457077819228 0.911647357936784308307665014581 0.79844003347607328535673332226
0.277774710803187774299516377141 0.768229594811904004103553234017 0.335222755714889020239866113116
0.628870924761924410262281526229 0.477397051862160248791866479223 0.553969955795430513134647299012
0.952229725174712826607503757259 0.513400910195615511888433957211 0.364784472791843339400941204076
0.717296929432683083582844574266 0.635711727959900940732040908188 0.916195068003700652248255664745
0.0163005716243295808998148288538 0.606968876257058642664787839749 0.14160255535580337782342041919
0.804176754226990420093557077053 0.137231576786018716340720402513 0.242886770629736958859723472415
0.12979044678145573721295136238 0.400944394246183499763702684504 0.156679089254084552562673593457
0.218256905310906884620791856833 0.998924518003558969958532998135 0.108808802025769285615197645711
0.612639832595661237846229596471 0.839112234692607206198999847402 0.512932394404398417364632223325
0.52428719006678425884615535324 0.637552267703019204247993911849 0.296031617697343041317736833662
0.292516784413027031153120560703 0.972775023883569511795599282777 0.49358298699072700177481465289
0.769913836275187279944987039926 0.526744979213338848644809786492 0.771357697793914831585482261289
0.283314746005141504525681739324 0.891529452005182188045750990568 0.400228622090177899028873298448
0.919026473965042445257722647511 0.807724520008882729271704192797 0.352458347264890725636377055707
0.52599535022210108792251048726 0.949327075364686079339548996359 0.0697552762319125635448457956045
0.663226927008119804263230889774 0.192213845994423065954848084402 0.086055847856242137505766720551
0.0641713207886420722303455477231 0.348892935248507618517521677859 0.890232602548893803273699631973
0.0630958383265397687589270958597 0.457701737274276876377143707941 0.0200230488646882809344873521695
0.90220807348480824838787839326 0.970634131678675404764078393782 0.238279954175595165555279209002
0.539760340722166165328133047296 0.266665749376018390570663996186 0.850919786771256347890357574215
0.512535364140074389815993072261 0.760248736366745392345478649077 0.375206976372379319428773669642
0.0392803433534132037663333392175 0.531606434160660223930960910366 0.667723760785406295070742999087
0.930809795358595315484251386806 0.931835056250838178470985440072 0.4376375965949322877079907812
0.738534314901816757448216321791 0.284293403050067561288472006709 0.720952343065735079541411778337
0.687861390266502947810067780665 0.35404867974764142601884486794 0.639978816565116348513697630551
0.880075236260925986009340249439 0.440104527603883521891248165048 0.165974166321556149128468859999
0.228968171043772317219122669485 0.330337129687116093368359770466 0.829201093329675953391699749773
0.686669908318049193596266377426 0.350360178551804346547271507006 0.893372414583979312929784555308
0.657304039531063311052605513396 0.588640133193060854921441205079 0.956468252910519178833226305869
0.923969788907081701623269509582 0.439559919498655915504059521481 0.858676325929666139913365441316
0.684218525273827093968748158659 0.814766896336696522240572448936 0.398436666651832249730347257355
0.21582495896882608610312104247 0.482490656656441585514727421469 0.910972030791906695057491560874
0.147660014754002921755215993471 0.920128253717035216041608691739 0.950252374145319822495991957112
0.431953418269731770351427257992 0.641080596317109008275281212264 0.881062169503915249002545806434
0.786002098017373196370272125932 0.281059412416564013970088353744 0.619596483940070719143022870412
0.226106625155595430953781033168 0.447033579203781450406296471556 0.307457873740912379645351393265
0.556443755308372756118728830188 0.276234672067796172001408194774 0.187533109536177050591376769262
0.906803933860177102666000337194 0.169607086186114280890180339156 0.416501280579949395566075054376
0.495444066587576670279702284461 0.126075339096633404212255413768 0.103171188432337343487965597433
0.935003986551893873091501063755 0.984751665026299516370045239455 0.760475228429061900214946945198
0.749770882422929108024334254878 0.383188331212470478792653238997 0.684445016870482314530477196968
0.232261538613709406231322418535 0.294160362004377118338993568614 0.36866354167864823221378856033
0.152389791865083279454040621204 0.244412735684035681282821883542 0.584488500647474262805758371542
0.793470388182192287729321833467 0.125474904722289615222052816534 0.732148515867138471868713622825
0.0745298005987563155771979950259 0.745071389128021621672814944759 0.164101933671209010423552854263
0.521563379802537752105706658767 0.0525292624032726793159575606751 0.950104031688582151282673748938
0.797798051870334035129417316057 0.240062372405111024153967491657 0.176210656378516294928715524293
0.967405138522109520060610066139 0.65656365298506047523119377729 0.732654411686889051047444354481
0.093480477153081664720701837723 0.759734841883059064393535209092 0.639458345547066264735747154191
0.0782321417137198799052200115511 0.520210069846459677300742896477 0.13490241166898161995213456521
0.461420473391851604372249084918 0.204655086251280787790207682519 0.0699063977552141918581085633377
0.755580835396228778222393884789 0.573318628395590335067311116291 0.819677280178143341515806241659
0.999993571080264431749640152702 0.15780712857740331056533023002 0.0519388187918527130526591406579
0.125468475802554046971692969237 0.889955644444541893456346315361 0.204328610656935999445593665769
0.870539864930575668644507913996 0.0540575776500895541221147766464 0.997798999304789546727079141419
0.923069127333848382654934994207 0.00416160887301043110747533759763 0.0723287994378846166299013020762
0.163131499273298063990011996793 0.180372265717188007272397953784 0.593892179240422368735607960843
0.819695152724019826528945031896 0.913026677404077058319842308265 0.391690230645095116557286019088
0.579429994141417603614740983176 0.552485022485482035747850204643 0.359095368701543349310156827414
0.0996400635222159658521690062116 0.687387434620124970763299643295 0.452575845854625014030858665137
0.304295149773496753642376688731 0.757293832375339204254771630076 0.530807988034006195121605742315
0.877613778169087033198536573764 0.57697111255348243474827540922 0.992228461425857855005006058491
0.0354209067464903507027607076907 0.628909931345335126984252838156 0.747809296356425345919660685468
0.925376551191032237220213119144 0.833238542002271209696573350811 0.747802866971028490361561580357
0.979434129306782974566658594995 0.831037540841399469115913234418 0.873271342773582426310952087078
0.983595738179793510624904229189 0.903366340279284085745814536494 0.743811207238496807647720743262
0.163968003431320202833987309532 0.497258519054045222684834470783 0.666880334572345190302655737469
0.0769946808353973027871930412402 0.888948750164801571038708516426 0.830011833845643254292667734262
0.629479703320879324657255438069 0.248044118400683688552277317285 0.649706986104001793513873508346
0.316867137475343008112815823552 0.700619964720969989890875240235 0.229136979779758026554148386822
0.0741609698506821707342240301841 0.231427952289314925460317340367 0.328777043301973992406317393034
0.651132082404164647115862862847 0.223656413249511465402008525416 0.633072193541131977845282108319
0.280042013283838542303527674449 0.971465709605936811321669210884 0.51068597124455772373607942427
0.113280554820448423058998344004 0.719268576111303903353189070913 0.546106877991048067499946228054
0.94431809612750916560486302842 0.592539918884886440686443620507 0.471483429182080304720159347198
0.847684435941131964042938307102 0.336351125657721961026425105956 0.450917558023202047490229915638
0.344942954995177186727772777886 0.00323145976440583366368075601827 0.434513295737334215296243655757
0.233891704694317525969893267757 0.833243294075710405621748577687 0.598481299634315733193545838731
0.481935823095001214522170585042 0.482950279714050856316731596962 0.675475980469713022102951072156
0.182555787350309917105306567464 0.71208725995947008691189239471 0.304955683324931059452467252413
0.413983739639624814810048292202 0.040864302795782826704940049467 0.621822821265935354873022333777
0.637640152889136335723208048876 0.673936496336914880878055100766 0.695983791116617567240609787405
0.609105862029411748714835539431 0.184622467581472576858558909407 0.347115873055120871537582161181
0.328374438140715652068024610344 0.73072934557252067211408075309 0.62715788633895941384110983563
0.920914357025602092754468230851 0.202212774288939661770925226847 0.74043844115940782302232037182
0.257265482217662710962002847737 0.653130332312141681505579526856 0.684756536821255701319444142428
0.260496942447729862291083691161 0.0876436280494758968018231826136 0.53244097276238766536238244953
0.0937402360577789250939417797781 0.686124927683791629995369021344 0.877383927757564907601306458673
0.576690515771829725899522145482 0.361600907687843253768278373173 0.111275631986221132385672660803
0.288777775265638636525977744895 0.666556591012774313220745625586 0.593211455081222305274479822401
0.329642078527082715844187532639 0.28837941181304838078602870155 0.775767242897193565198676878936
0.00357857439833626821482082114301 0.984363202929665948026638488955 0.189750982071157064945410297696
0.188201041979808858517486669371 0.331479075519125476745330161066 0.827391135425954660220781988755
0.918930388017990762428155449015 0.958636961858084890586439996696 0.436496996989705121627878270374
0.121143161841269192402492649308 0.699075403017492713608760368516 0.764871435130420773695902880718
0.774273494619072133460235818347 0.383831939373087127620465253131 0.685785791690361579142631853756
0.861917122668548030262059000961 0.91627291213547479298284770266 0.943051274373685632923525190563
0.548042049886678372949688764493 0.793656839427378413276414903521 0.203548216355754152395718392654
